0.00000	0.00000
0.01953	4.95798
0.03906	9.87430
0.05859	18.71571
0.07812	25.49968
0.09766	35.20151
0.11719	44.82191
0.13672	55.35318
0.15625	65.79613
0.17578	74.16832
0.19531	79.49559
0.21484	85.76994
0.23438	96.94979
0.25391	109.02758
0.27344	117.03781
0.29297	124.98108
0.31250	130.87478
0.33203	138.70254
0.35156	149.43970
0.37109	157.11229
0.39062	168.68724
0.41016	175.20744
0.42969	182.66494
0.44922	190.06031
0.46875	197.39407
0.48828	208.63315
0.50781	218.78677
0.52734	227.86409
0.54688	236.86577
0.56641	244.80088
0.58594	250.68679
0.60547	257.51554
0.62500	260.32123
0.64453	271.03682
0.66406	283.64629
0.68359	298.13375
0.70312	317.45824
0.72266	331.66321
0.74219	335.83375
0.76172	340.96175
0.78125	355.96352
0.80078	367.86538
0.82031	380.65979
0.83984	389.38131
0.85938	402.98854
0.87891	413.50768
0.89844	434.84705
0.91797	450.05865
0.93750	462.16881
0.95703	483.10275
0.97656	498.90403
0.99609	515.56542
1.01562	534.07131
1.03516	549.44827
1.05469	562.71422
1.07422	583.80290
1.09375	610.66541
1.11328	627.38777
1.13281	660.82832
1.15234	695.97272
1.17188	726.85716
1.19141	767.39985
1.21094	820.49454
1.23047	889.01065
1.25000	979.75994
1.26953	1160.97589
1.28906	1470.57091
1.30859	2014.55928
1.32812	2940.70357
1.34766	4308.26530
1.36719	6656.93309
1.38672	10158.93871
1.40625	15036.63322
1.42578	21824.83893
1.44531	31138.17477
1.46484	43470.08517
1.48438	58861.67603
1.50391	77257.53285
1.52344	100932.96506
1.54297	128544.68344
1.56250	159643.22237
1.58203	194129.96246
1.60156	233067.28956
1.62109	273710.86222
1.64062	316343.94569
1.66016	358877.51526
1.67969	404594.71743
1.69922	450434.64791
1.71875	496237.75945
1.73828	540636.09509
1.75781	584058.06177
1.77734	626402.91106
1.79688	666708.05427
1.81641	704385.87294
1.83594	742403.58963
1.85547	778814.91758
1.87500	814000.34632
1.89453	847018.33750
1.91406	878908.53418
1.93359	909620.99149
1.95312	937757.61794
1.97266	964420.96501
1.99219	989831.70864
2.01172	1014099.58386
2.03125	1037075.59203
2.05078	1058483.07234
2.07031	1076907.34956
2.08984	1095080.57523
2.10938	1111745.56140
2.12891	1125883.74760
2.14844	1139053.35772
2.16797	1151084.04990
2.18750	1161717.67282
2.20703	1171015.55024
2.22656	1178760.83971
2.24609	1184817.83804
2.26562	1189756.01578
2.28516	1192801.39938
2.30469	1195556.42791
2.32422	1197230.23638
2.34375	1197911.21422
2.36328	1197885.32301
2.38281	1196997.83459
2.40234	1195309.49713
2.42188	1193132.41771
2.44141	1190155.33932
2.46094	1186908.50936
2.48047	1183080.80545
2.50000	1178706.81730
2.51953	1173953.71511
2.53906	1168845.46611
2.55859	1163469.29143
2.57812	1157656.84520
2.59766	1151590.23596
2.61719	1145433.18501
2.63672	1138992.04925
2.65625	1132447.65886
2.67578	1125734.39917
2.69531	1118932.97224
2.71484	1112012.33769
2.73438	1104870.32747
2.75391	1097716.99181
2.77344	1090528.58337
2.79297	1083316.25517
2.81250	1076074.21577
2.83203	1068794.73854
2.85156	1061425.54100
2.87109	1054101.19497
2.89062	1046767.73602
2.91016	1039405.36700
2.92969	1032078.74374
2.94922	1024771.65490
2.96875	1017426.38446
2.98828	1010112.62507
3.00781	1002884.61080
3.02734	995592.83866
3.04688	988263.58861
3.06641	980970.51564
3.08594	973697.41316
3.10547	966479.76949
3.12500	959288.32684
3.14453	952079.19894
3.16406	944930.83543
3.18359	937802.03116
3.20312	930695.56301
3.22266	923607.24294
3.24219	916569.60801
3.26172	909552.44740
3.28125	902566.46497
3.30078	895566.74488
3.32031	888680.29554
3.33984	881827.79400
3.35938	874987.11024
3.37891	868146.21572
3.39844	861342.76348
3.41797	854620.03591
3.43750	847941.62924
3.45703	841313.09235
3.47656	834714.14687
3.49609	828132.61391
3.51562	821578.23695
3.53516	815098.35777
3.55469	808632.82888
3.57422	802230.08862
3.59375	795886.61005
3.61328	789567.16459
3.63281	783282.43384
3.65234	777052.92211
3.67188	770855.33585
3.69141	764707.23234
3.71094	758602.22376
3.73047	752551.82140
3.75000	746555.54514
3.76953	740595.06988
3.78906	734680.98152
3.80859	728811.87466
3.82812	722990.32635
3.84766	717190.13545
3.86719	711461.67449
3.88672	705753.74690
3.90625	700096.90128
3.92578	694479.78219
3.94531	688911.95381
3.96484	683398.93053
3.98438	677904.53747
4.00391	672460.33185
4.02344	667058.93415
4.04297	661713.84740
4.06250	656412.68363
4.08203	651154.06621
4.10156	645939.60550
4.12109	640767.92068
4.14062	635630.70515
4.16016	630531.62092
4.17969	625484.21576
4.19922	620488.03851
4.21875	615530.74632
4.23828	610599.10818
4.25781	605706.77788
4.27734	600861.34217
4.29688	596038.59650
4.31641	591274.03519
4.33594	586539.39266
4.35547	581847.29372
4.37500	577191.42011
4.39453	572576.41397
4.41406	567997.95455
4.43359	563456.71288
4.45312	558955.34079
4.47266	554486.55161
4.49219	550063.94386
4.51172	545666.29353
4.53125	541314.20509
4.55078	536992.41219
4.57031	532704.61749
4.58984	528452.50701
4.60938	524236.76399
4.62891	520049.14136
4.64844	515894.35247
4.66797	511783.01833
4.68750	507699.89218
4.70703	503656.62818
4.72656	499641.97629
4.74609	495668.57705
4.76562	491734.09370
4.78516	487813.40216
4.80469	483930.17806
4.82422	480079.13957
4.84375	476254.06042
4.86328	472458.68235
4.88281	468703.65719
4.90234	464969.79727
4.92188	461280.71744
4.94141	457618.18685
4.96094	453987.92648
4.98047	450387.67447
5.00000	446819.15687
5.01953	443274.16903
5.03906	439758.45793
5.05859	436266.81269
5.07812	432816.87538
5.09766	429387.46738
5.11719	425978.41185
5.13672	422602.42225
5.15625	419248.30926
5.17578	415920.84289
5.19531	412628.71975
5.21484	409368.66236
5.23438	406126.51556
5.25391	402912.04116
5.27344	399717.07054
5.29297	396563.24975
5.31250	393425.44016
5.33203	390323.33600
5.35156	387249.69319
5.37109	384191.37721
5.39062	381163.13073
5.41016	378152.79919
5.42969	375164.19600
5.44922	372199.11759
5.46875	369264.30532
5.48828	366349.58658
5.50781	363458.75685
5.52734	360592.60325
5.54688	357750.91669
5.56641	354929.52325
5.58594	352130.23389
5.60547	349358.80912
5.62500	346604.10587
5.64453	343870.94001
5.66406	341170.03672
5.68359	338491.20605
5.70312	335825.33710
5.72266	333187.19364
5.74219	330566.62569
5.76172	327970.42417
5.78125	325395.40880
5.80078	322839.41739
5.82031	320297.33139
5.83984	317780.93084
5.85938	315294.95741
5.87891	312816.34804
5.89844	310370.82189
5.91797	307934.30077
5.93750	305520.59112
5.95703	303127.51767
5.97656	300742.01605
5.99609	298385.83612
6.01562	296055.75670
6.03516	293734.70119
6.05469	291433.50134
6.07422	289151.98897
6.09375	286881.07452
6.11328	284634.55131
6.13281	282406.26502
6.15234	280195.06975
6.17188	278004.78869
6.19141	275828.30520
6.21094	273673.43652
6.23047	271537.02540
6.25000	269414.95100
6.26953	267315.02607
6.28906	265222.19119
6.30859	263153.24328
6.32812	261102.03284
6.34766	259071.38625
6.36719	257051.21557
6.38672	255044.40716
6.40625	253056.79928
6.42578	251087.23978
6.44531	249130.61996
6.46484	247193.77208
6.48438	245271.57311
6.50391	243363.90093
6.52344	241464.68499
6.54297	239584.76175
6.56250	237718.02074
6.58203	235866.33548
6.60156	234032.55545
6.62109	232205.62277
6.64062	230402.33838
6.66016	228608.62242
6.67969	226832.32861
6.69922	225088.18475
6.71875	223338.24157
6.73828	221605.35584
6.75781	219883.43612
6.77734	218185.28142
6.79688	216492.84491
6.81641	214814.01275
6.83594	213145.69740
6.85547	211496.73539
6.87500	209859.03299
6.89453	208231.50555
6.91406	206620.01877
6.93359	205019.48056
6.95312	203432.77544
6.97266	201859.78882
6.99219	200301.39874
7.01172	198755.50013
7.03125	197221.98987
7.05078	195695.80759
7.07031	194184.82629
7.08984	192686.93592
7.10938	191199.05358
7.12891	189719.11377
7.14844	188257.95916
7.16797	186806.50850
7.18750	185366.66541
7.20703	183935.35940
7.22656	182517.47864
7.24609	181111.91977
7.26562	179716.59807
7.28516	178329.44622
7.30469	176957.33871
7.32422	175594.20068
7.34375	174246.89998
7.36328	172903.40635
7.38281	171571.62256
7.40234	170260.37578
7.42188	168949.66363
7.44141	167650.39118
7.46094	166362.46434
7.48047	165079.83947
7.50000	163813.38169
7.51953	162556.01601
7.53906	161305.68492
7.55859	160068.28020
7.57812	158842.70380
7.59766	157623.90041
7.61719	156415.78162
7.63672	155216.27583
7.65625	154023.32966
7.67578	152841.84804
7.69531	151669.75359
7.71484	150508.95202
7.73438	149355.38427
7.75391	148209.98325
7.77344	147081.60686
7.79297	145960.19754
7.81250	144840.74102
7.83203	143736.11374
7.85156	142640.24371
7.87109	141548.10086
7.89062	140464.61409
7.91016	139389.71279
7.92969	138328.28497
7.94922	137274.26938
7.96875	136227.60598
7.98828	135182.28556
8.00781	134157.13935
8.02734	133131.17587
8.04688	132115.31179
8.06641	131109.46439
8.08594	130111.56851
8.10547	129117.59253
8.12500	128138.41332
8.14453	127161.01794
8.16406	126191.34320
8.18359	125228.33421
8.20312	124277.88677
8.22266	123333.94790
8.24219	122396.46513
8.26172	121467.36901
8.28125	120544.60812
8.30078	119630.11458
8.32031	118726.79589
8.33984	117822.66065
8.35938	116924.65913
8.37891	116035.71672
8.39844	115156.75106
8.41797	114282.72197
8.43750	113417.55660
8.45703	112557.21622
8.47656	111704.63724
8.49609	110855.78972
8.51562	110013.61930
8.53516	109182.03838
8.55469	108356.99375
8.57422	107539.42375
8.59375	106722.32661
8.61328	105916.60802
8.63281	105116.22495
8.65234	104324.10901
8.67188	103533.25175
8.69141	102750.58588
8.71094	101975.05310
8.73047	101202.62874
8.75000	100434.28045
8.76953	99679.89202
8.78906	98928.44070
8.80859	98181.88668
8.82812	97444.15733
8.84766	96705.26464
8.86719	95980.09440
8.88672	95260.60018
8.90625	94543.76167
8.92578	93834.51659
8.94531	93129.82842
8.96484	92428.66893
8.98438	91731.01060
9.00391	91039.80082
9.02344	90352.01268
9.04297	89669.60223
9.06250	88993.51799
9.08203	88323.70878
9.10156	87667.06510
9.12109	87004.63762
9.14062	86351.35097
9.16016	85703.16394
9.17969	85059.04410
9.19922	84421.93368
9.21875	83784.83466
9.23828	83156.67327
9.25781	82538.36799
9.27734	81917.93847
9.29688	81300.36257
9.31641	80688.59304
9.33594	80084.56624
9.35547	79484.25230
9.37500	78886.63044
9.39453	78293.66316
9.41406	77708.28805
9.43359	77130.44289
9.45312	76552.13364
9.47266	75978.32407
9.49219	75412.94467
9.51172	74849.97659
9.53125	74287.41834
9.55078	73732.20951
9.57031	73181.31544
9.58984	72632.71823
9.60938	72092.35008
9.62891	71552.21093
9.64844	71028.16623
9.66797	70494.30081
9.68750	69969.53941
9.70703	69448.84939
9.72656	68930.21516
9.74609	68415.60416
9.76562	67909.94243
9.78516	67405.22381
9.80469	66900.45059
9.82422	66395.62472
9.84375	65903.63923
9.86328	65412.48881
9.88281	64929.10942
9.90234	64444.51286
9.92188	63964.66077
9.94141	63484.55703
9.96094	63012.13827
9.98047	62546.34975
10.00000	62077.22162
10.01953	61615.69119
10.03906	61158.72155
10.05859	60704.29261
10.07812	60258.33438
10.09766	59810.86139
10.11719	59372.79565
10.13672	58929.18559
10.15625	58489.99550
10.17578	58061.13946
10.19531	57627.65836
10.21484	57203.47481
10.23438	56783.55442
10.25391	56362.90501
10.27344	55946.49235
10.29297	55540.23177
10.31250	55131.14893
10.33203	54723.23553
10.35156	54318.46656
10.37109	53916.81695
10.39062	53518.26213
10.41016	53123.76927
10.42969	52728.34784
10.44922	52338.94815
10.46875	51952.54643
10.48828	51566.14423
10.50781	51191.64227
10.52734	50819.02590
10.54688	50447.28931
10.56641	50073.45183
10.58594	49707.44862
10.60547	49343.26556
10.62500	48979.89733
10.64453	48619.32176
10.66406	48260.52532
10.68359	47905.47749
10.70312	47554.14831
10.72266	47204.52481
10.74219	46858.57733
10.76172	46517.26782
10.78125	46177.58403
10.80078	45839.51376
10.82031	45507.01127
10.83984	45173.08985
10.85938	44841.72930
10.87891	44509.93470
10.89844	44180.68593
10.91797	43860.90394
10.93750	43540.59468
10.95703	43220.75558
10.97656	42901.38408
10.99609	42589.41859
11.01562	42281.82352
11.03516	41968.64756
11.05469	41664.81291
11.07422	41362.30947
11.09375	41061.12745
11.11328	40765.22347
11.13281	40467.61337
11.15234	40175.25379
11.17188	39885.12721
11.19141	39594.24139
11.21094	39311.52839
11.23047	39026.01311
11.25000	38737.72046
11.26953	38458.57420
11.28906	38176.59961
11.30859	37897.77113
11.32812	37625.03842
11.34766	37349.42716
11.36719	37078.89558
11.38672	36814.39365
11.40625	36548.93084
11.42578	36279.54167
11.44531	36020.14274
11.46484	35759.74357
11.48438	35502.32024
11.50391	35247.84895
11.52344	34986.39017
11.54297	34732.87757
11.56250	34478.32125
11.58203	34224.71435
11.60156	33977.00805
11.62109	33732.17899
11.64062	33485.24623
11.66016	33249.11935
11.67969	33006.85159
11.69922	32769.40311
11.71875	32531.77661
11.73828	32294.96634
11.75781	32057.97497
11.77734	31828.73776
11.79688	31595.29155
11.81641	31367.58880
11.83594	31148.55713
11.85547	30921.26752
11.87500	30699.67286
11.89453	30482.73477
11.91406	30263.47407
11.93359	30049.84398
11.95312	29836.84033
11.97266	29629.41691
11.99219	29417.61197
12.01172	29208.40444
12.03125	28998.79877
12.05078	28789.79098
12.07031	28582.36868
12.08984	28374.53625
12.10938	28180.18053
12.12891	27976.38262
12.14844	27775.12204
12.16797	27576.37836
12.18750	27379.13986
12.20703	27178.43692
12.22656	26988.18200
12.24609	26797.38060
12.26562	26610.99633
12.28516	26420.06870
12.30469	26230.58645
12.32422	26047.49627
12.34375	25863.80426
12.36328	25678.52486
12.38281	25499.60515
12.40234	25318.06814
12.42188	25137.90321
12.44141	24960.09134
12.46094	24783.62213
12.48047	24607.49350
12.50000	24432.69514
12.51953	24258.22520
12.53906	24088.04822
12.55859	23919.15413
12.57812	23749.54991
12.59766	23579.24242
12.61719	23412.20486
12.63672	23244.44412
12.65625	23084.89157
12.67578	22917.61358
12.69531	22753.58351
12.71484	22587.81683
12.73438	22429.25338
12.75391	22267.91751
12.77344	22112.75777
12.79297	21959.75660
12.81250	21805.92196
12.83203	21650.27011
12.85156	21500.74992
12.87109	21352.35262
12.89062	21206.06123
12.91016	21056.90090
12.92969	20904.89660
12.94922	20758.99727
12.96875	20610.22809
12.98828	20466.54671
13.00781	20329.89441
13.02734	20186.33048
13.04688	20045.82978
13.06641	19903.40936
13.08594	19762.06096
13.10547	19621.77622
13.12500	19487.50498
13.14453	19348.28991
13.16406	19207.14814
13.18359	19074.01244
13.20312	18939.89196
13.22266	18804.79571
13.24219	18672.69905
13.26172	18544.56899
13.28125	18414.42339
13.30078	18282.27992
13.32031	18154.10569
13.33984	18025.90158
13.35938	17900.64336
13.37891	17777.31540
13.39844	17654.91062
13.41797	17529.45549
13.43750	17413.86711
13.45703	17290.21456
13.47656	17167.49068
13.49609	17048.66305
13.51562	16937.66600
13.53516	16817.57731
13.55469	16703.34803
13.57422	16586.00513
13.59375	16469.54186
13.61328	16358.90945
13.63281	16247.11844
13.65234	16137.15392
13.67188	16023.05166
13.69141	15912.77984
13.71094	15800.35736
13.73047	15694.72721
13.75000	15589.88339
13.76953	15483.83677
13.78906	15380.56448
13.80859	15275.08580
13.82812	15170.39469
13.84766	15065.49357
13.86719	14959.39324
13.88672	14859.04548
13.90625	14757.46140
13.92578	14655.64360
13.94531	14556.56946
13.96484	14454.26686
13.98438	14353.72153
14.00391	14254.91928
14.02344	14162.80405
14.04297	14067.40421
14.06250	13972.71435
14.08203	13875.75430
14.10156	13780.51013
14.12109	13686.96788
14.14062	13596.10546
14.16016	13503.93452
14.17969	13413.44144
14.19922	13320.64622
14.21875	13230.52675
14.23828	13137.11153
14.25781	13047.36998
14.27734	12955.32211
14.29688	12872.88703
14.31641	12792.05170
14.33594	12710.82009
14.35547	12622.25484
14.37500	12540.30045
14.39453	12455.97754
14.41406	12373.27294
14.43359	12290.19031
14.45312	12207.72498
14.47266	12124.88064
14.49219	12045.62742
14.51172	11964.97759
14.53125	11882.94342
14.55078	11804.49501
14.57031	11731.58594
14.58984	11656.23732
14.60938	11574.50383
14.62891	11493.38075
14.64844	11414.84664
14.66797	11336.89695
14.68750	11266.46845
14.70703	11188.62448
14.72656	11113.34380
14.74609	11039.61367
14.76562	10968.41317
14.78516	10892.78030
14.80469	10813.74443
14.82422	10741.25045
14.84375	10671.27749
14.86328	10601.82162
14.88281	10537.83696
14.90234	10466.38718
14.92188	10402.40943
14.94141	10332.95060
14.96094	10266.98160
14.98047	10203.48187
15.00000	10136.48158
15.01953	10071.96012
15.03906	10015.84671
15.05859	9953.19713
15.07812	9888.03318
15.09766	9830.29234
15.11719	9769.00515
15.13672	9706.18496
15.15625	9647.79468
15.17578	9583.88153
15.19531	9521.43354
15.21484	9464.40511
15.23438	9402.83518
15.25391	9342.71189
15.27344	9282.04031
15.29297	9221.81698
15.31250	9163.03016
15.33203	9098.72697
15.35156	9042.83652
15.37109	8987.35567
15.39062	8933.27300
15.41016	8876.61075
15.42969	8819.37421
15.44922	8762.56011
15.46875	8706.16531
15.48828	8654.15301
15.50781	8599.54563
15.52734	8548.31486
15.54688	8493.49156
15.56641	8440.06425
15.58594	8383.06362
15.60547	8325.49476
15.62500	8275.29558
15.64453	8223.48014
15.66406	8173.03719
15.68359	8119.98911
15.70312	8081.21529
15.72266	8033.78943
15.74219	7983.73421
15.76172	7934.04681
15.78125	7887.69928
15.80078	7838.71430
15.82031	7786.12283
15.83984	7742.84618
15.85938	7695.91569
15.87891	7648.33717
15.89844	7605.07441
15.91797	7557.16706
15.93750	7507.62929
15.95703	7467.38264
15.97656	7423.45866
15.99609	7374.89692
16.01562	7327.68632
16.03516	7283.79897
16.05469	7241.22410
16.07422	7194.99296
16.09375	7153.06938
16.11328	7106.49307
16.13281	7065.21944
16.15234	7019.28821
16.17188	6971.71364
16.19141	6924.49298
16.21094	6881.58995
16.23047	6838.01054
16.25000	6800.70191
16.26953	6760.68727
16.28906	6721.95608
16.30859	6678.54822
16.32812	6638.43607
16.34766	6598.61740
16.36719	6564.04803
16.38672	6524.76815
16.40625	6492.71679
16.42578	6451.96794
16.44531	6418.46055
16.46484	6378.25164
16.48438	6337.34741
16.50391	6298.72872
16.52344	6258.41029
16.54297	6222.35616
16.56250	6186.56444
16.58203	6155.99111
16.60156	6118.69350
16.62109	6081.66949
16.64062	6048.88346
16.66016	6012.36726
16.67969	5981.07688
16.69922	5954.96862
16.71875	5916.15052
16.73828	5881.58673
16.75781	5845.29221
16.77734	5807.28170
16.79688	5777.48582
16.81641	5746.91142
16.83594	5716.55691
16.85547	5680.47109
16.87500	5653.57629
16.89453	5625.87956
16.91406	5597.38792
16.93359	5571.08304
16.95312	5538.02245
16.97266	5505.20432
16.99219	5470.64366
17.01172	5436.33849
17.03125	5405.26168
17.05078	5373.41993
17.07031	5343.79469
17.08984	5313.39274
17.10938	5281.22926
17.12891	5250.29402
17.14844	5217.60217
17.16797	5186.14341
17.18750	5155.90761
17.20703	5126.88469
17.22656	5102.03948
17.24609	5074.39589
17.26562	5043.97766
17.28516	5012.79150
17.30469	4979.85249
17.32422	4948.15029
17.34375	4918.66632
17.36328	4888.40733
17.38281	4859.36325
17.40234	4830.53242
17.42188	4803.89646
17.44141	4782.41189
17.46094	4754.13650
17.48047	4727.06030
17.50000	4702.16502
17.51953	4674.47451
17.53906	4648.97047
17.55859	4624.64308
17.57812	4600.49107
17.59766	4573.53835
17.61719	4546.78346
17.63672	4517.25009
17.65625	4493.88615
17.67578	4473.66516
17.69531	4450.61136
17.71484	4422.76553
17.73438	4396.11769
17.75391	4369.66633
17.77344	4341.42681
17.79297	4318.35546
17.81250	4294.45946
17.83203	4272.72067
17.85156	4257.08756
17.87109	4231.64345
17.89062	4205.39535
17.91016	4187.27450
17.92969	4167.29684
17.94922	4140.52016
17.96875	4118.90092
17.98828	4097.43794
18.00781	4074.14690
18.02734	4052.01809
18.04688	4032.03351
18.06641	4005.25094
18.08594	3977.67723
18.10547	3954.27714
18.12500	3932.04097
18.14453	3912.94225
18.16406	3895.96321
18.18359	3876.12819
18.20312	3852.46980
18.22266	3830.96984
18.24219	3810.61876
18.26172	3787.44064
18.28125	3769.39217
18.30078	3749.48920
18.32031	3728.73907
18.33984	3709.13224
18.35938	3692.64243
18.37891	3677.26039
18.39844	3656.03583
18.41797	3633.97595
18.43750	3617.03748
18.45703	3593.27836
18.47656	3574.65520
18.49609	3560.13338
18.51562	3538.77103
18.53516	3516.57532
18.55469	3496.52821
18.57422	3478.61172
18.59375	3463.79971
18.61328	3444.13344
18.63281	3434.52779
18.65234	3412.09166
18.67188	3394.78172
18.69141	3379.58022
18.71094	3363.49480
18.73047	3352.48258
18.75000	3333.61036
18.76953	3310.91066
18.78906	3295.32335
18.80859	3278.85597
18.82812	3258.54130
18.84766	3241.35292
18.86719	3227.26470
18.88672	3212.28431
18.90625	3197.41099
18.92578	3181.65235
18.94531	3166.00757
18.96484	3154.44217
18.98438	3137.99764
19.00391	3125.63948
19.02344	3110.39229
19.04297	3091.28886
19.06250	3073.31971
19.08203	3069.36613
19.10156	3055.51219
19.12109	3040.76557
19.14062	3022.15911
19.16016	3004.68332
19.17969	2993.28678
19.19922	2979.98573
19.21875	2960.82994
19.23828	2946.77625
19.25781	2932.82389
19.27734	2918.97213
19.29688	2903.23706
19.31641	2890.59256
19.33594	2875.06320
19.35547	2861.63129
19.37500	2847.30454
19.39453	2833.08216
19.41406	2818.96337
19.43359	2806.93059
19.45312	2795.97480
19.47266	2785.09546
19.49219	2772.30884
19.51172	2754.65629
19.53125	2741.10315
19.55078	2736.57303
19.57031	2721.15831
19.58984	2710.81609
19.60938	2696.57949
19.62891	2684.43090
19.64844	2672.36967
19.66797	2656.42877
19.68750	2641.59889
19.70703	2626.87916
19.72656	2615.24354
19.74609	2604.68299
19.76562	2591.22222
19.78516	2580.83524
19.80469	2578.45428
19.82422	2561.20550
19.84375	2544.08786
19.86328	2531.06670
19.88281	2517.14969
19.90234	2507.30242
19.92188	2499.50760
19.94141	2487.79849
19.96094	2478.15765
19.98047	2466.60140
