0.00000	0	0.0
0.01953	1.00279546797481	0.0100279546797
0.03906	1.9869398370463	0.0198693983705
0.05859	3.76859858811719	0.0376859858812
0.07812	5.17771569962988	0.0517771569963
0.09766	6.88954848736514	0.0688954848737
0.11719	8.9599676128087	0.0895996761281
0.13672	11.1484188546482	0.111484188546
0.15625	13.0381511921304	0.130381511921
0.17578	15.0401925736708	0.150401925737
0.19531	16.0915940828264	0.160915940828
0.21484	17.4468037984877	0.174468037985
0.23438	19.7144088757351	0.197144088757
0.25391	21.9628577591099	0.219628577591
0.27344	23.6391233936709	0.236391233937
0.29297	25.0616389673154	0.250616389673
0.31250	26.5252421585456	0.265252421585
0.33203	28.0622246939705	0.28062224694
0.35156	29.9124624666936	0.299124624667
0.37109	32.0732528319049	0.320732528319
0.39062	33.4171400691627	0.334171400692
0.41016	36.0694869516082	0.360694869516
0.42969	37.4065478881367	0.374065478881
0.44922	38.8091305225537	0.388091305226
0.46875	40.0835826951663	0.400835826952
0.48828	43.4972553880584	0.434972553881
0.50781	44.2576066905826	0.442576066906
0.52734	46.3431055415857	0.463431055416
0.54688	48.0392272435678	0.480392272436
0.56641	49.8595715197763	0.498595715198
0.58594	51.6109908954833	0.516109908955
0.60547	52.5733336877302	0.525733336877
0.62500	52.9063677713027	0.529063677713
0.64453	56.8442638055186	0.568442638055
0.66406	57.4658603153027	0.574658603153
0.68359	60.6695854725707	0.606695854726
0.70312	64.578240602964	0.64578240603
0.72266	67.6804638394115	0.676804638394
0.74219	69.0179894493332	0.690179894493
0.76172	69.8622941422755	0.698622941423
0.78125	72.5531788735374	0.725531788735
0.80078	76.694993767268	0.766949937673
0.82031	78.3740986130187	0.78374098613
0.83984	79.5779274714916	0.795779274715
0.85938	82.4201221839899	0.82420122184
0.87891	85.1395733003091	0.851395733003
0.89844	89.0795064917532	0.890795064918
0.91797	91.5962883199414	0.915962883199
0.93750	95.4290154091024	0.954290154091
0.95703	100.2410528527	1.00241052853
0.97656	102.305774106288	1.02305774106
0.99609	104.565728402518	1.04565728403
1.01562	110.175438632999	1.10175438633
1.03516	112.88304372144	1.12883043721
1.05469	117.414674073347	1.17414674073
1.07422	122.311272447342	1.22311272447
1.09375	127.32962544816	1.27329625448
1.11328	128.23902210319	1.28239022103
1.13281	135.693065436491	1.35693065436
1.15234	145.006770074687	1.45006770075
1.17188	150.775673948466	1.50775673948
1.19141	160.153611287906	1.60153611288
1.21094	170.633638853755	1.70633638854
1.23047	182.517600124006	1.82517600124
1.25000	205.04992649593	2.05049926496
1.26953	236.802498931679	2.36802498932
1.28906	304.999514727005	3.04999514727
1.30859	409.720968823718	4.09720968824
1.32812	592.528069119337	5.92528069119
1.34766	863.702841384775	8.63702841385
1.36719	1342.00280378545	13.4200280379
1.38672	2034.39753815958	20.3439753816
1.40625	3010.25593944106	30.1025593944
1.42578	4307.14895237595	43.0714895238
1.44531	6257.11439914548	62.5711439915
1.46484	8811.79482108854	88.1179482109
1.48438	11737.230058348	117.372300583
1.50391	15547.9514023207	155.479514023
1.52344	20198.0460657615	201.980460658
1.54297	25709.855791533	257.098557915
1.56250	31889.4058709762	318.89405871
1.58203	39370.6122942788	393.706122943
1.60156	45778.3524822298	457.783524822
1.62109	55530.0914912784	555.300914913
1.64062	63299.379543301	632.993795433
1.66016	72661.5426696922	726.615426697
1.67969	82053.8658611773	820.538658612
1.69922	91004.7577560521	910.047577561
1.71875	100766.116136774	1007.66116137
1.73828	109261.289825316	1092.61289825
1.75781	118001.187692416	1180.01187692
1.77734	125187.204366499	1251.87204366
1.79688	133132.731243101	1331.32731243
1.81641	143934.630964085	1439.34630964
1.83594	150309.01956216	1503.09019562
1.85547	159841.792903963	1598.41792904
1.87500	165296.00217408	1652.96002174
1.89453	177006.236009269	1770.06236009
1.91406	178752.634377266	1787.52634377
1.93359	182509.334662457	1825.09334662
1.95312	192568.259240803	1925.68259241
1.97266	198537.822198502	1985.37822199
1.99219	198186.381266443	1981.86381266
2.01172	208143.808128858	2081.43808129
2.03125	210358.096096159	2103.58096096
2.05078	211393.687454197	2113.93687454
2.07031	222584.047874216	2225.84047874
2.08984	224836.819552518	2248.36819553
2.10938	229746.024926013	2297.46024926
2.12891	230074.889643533	2300.74889644
2.14844	237845.134020981	2378.45134021
2.16797	235275.614709091	2352.75614709
2.18750	240081.12613654	2400.81126137
2.20703	239937.562900991	2399.37562901
2.22656	247077.413621917	2470.77413622
2.24609	242754.046855732	2427.54046856
2.26562	248252.521719644	2482.5252172
2.28516	248934.464551046	2489.34464551
2.30469	247218.276614769	2472.18276615
2.32422	248228.027150645	2482.28027151
2.34375	251869.328107657	2518.69328108
2.36328	249872.748485266	2498.72748485
2.38281	246471.756460013	2464.7175646
2.40234	247329.693682483	2473.29693682
2.42188	249334.756501028	2493.34756501
2.44141	252810.827202554	2528.10827203
2.46094	250701.061618092	2507.01061618
2.48047	247522.466524091	2475.22466524
2.50000	243156.630335459	2431.56630335
2.51953	245370.273389535	2453.7027339
2.53906	243205.231505711	2432.05231506
2.55859	247381.025126371	2473.81025126
2.57812	245781.211331519	2457.81211332
2.59766	246902.515282836	2469.02515283
2.61719	242196.187285125	2421.96187285
2.63672	238895.703674489	2388.95703674
2.65625	242336.468718659	2423.36468719
2.67578	236772.060002346	2367.72060002
2.69531	244186.022900911	2441.86022901
2.71484	237076.583032309	2370.76583032
2.73438	232978.550601574	2329.78550602
2.75391	237239.941111282	2372.39941111
2.77344	231116.293142848	2311.16293143
2.79297	234368.199622382	2343.68199622
2.81250	226511.325607585	2265.11325608
2.83203	234158.361235483	2341.58361235
2.85156	229381.361241401	2293.81361241
2.87109	228485.196115483	2284.85196115
2.89062	229236.698333445	2292.36698333
2.91016	226415.119390737	2264.15119391
2.92969	221933.729510749	2219.33729511
2.94922	221316.174372657	2213.16174373
2.96875	223334.481527168	2233.34481527
2.98828	221562.86776522	2215.62867765
3.00781	218541.188583047	2185.41188583
3.02734	216021.216732582	2160.21216733
3.04688	213925.169237215	2139.25169237
3.06641	219325.30234256	2193.25302343
3.08594	214249.164077645	2142.49164078
3.10547	208596.008818963	2085.96008819
3.12500	210568.978394501	2105.68978395
3.14453	206930.236590096	2069.3023659
3.16406	205727.90824015	2057.2790824
3.18359	207536.178648165	2075.36178648
3.20312	205428.641782371	2054.28641782
3.22266	206460.234363831	2064.60234364
3.24219	202378.065919827	2023.7806592
3.26172	201436.578545433	2014.36578545
3.28125	203613.443722864	2036.13443723
3.30078	202052.144201859	2020.52144202
3.32031	192982.541305041	1929.82541305
3.33984	198628.268994737	1986.28268995
3.35938	193198.696087887	1931.98696088
3.37891	197433.971114055	1974.33971114
3.39844	190817.294154792	1908.17294155
3.41797	190425.168141973	1904.25168142
3.43750	192909.184400044	1929.091844
3.45703	188705.459178946	1887.05459179
3.47656	187540.080841973	1875.40080842
3.49609	186568.198170428	1865.6819817
3.51562	189049.710682009	1890.49710682
3.53516	182844.890119515	1828.4489012
3.55469	184099.584369906	1840.9958437
3.57422	180698.726319395	1806.98726319
3.59375	180458.390688502	1804.58390689
3.61328	181649.706510506	1816.49706511
3.63281	179823.865092653	1798.23865093
3.65234	178580.981805087	1785.80981805
3.67188	176631.649218873	1766.31649219
3.69141	175711.430116359	1757.11430116
3.71094	175883.806247474	1758.83806247
3.73047	172011.966368948	1720.11966369
3.75000	171938.689983368	1719.38689983
3.76953	170961.031615408	1709.61031615
3.78906	171359.130346217	1713.59130346
3.80859	168635.761963786	1686.35761964
3.82812	169112.389184816	1691.12389185
3.84766	167710.597491392	1677.10597491
3.86719	164543.895152104	1645.43895152
3.88672	163546.126490441	1635.4612649
3.90625	160312.647960991	1603.12647961
3.92578	160617.305993971	1606.17305994
3.94531	163270.7362008	1632.70736201
3.96484	158500.154836344	1585.00154836
3.98438	160343.200061001	1603.43200061
4.00391	157244.944474345	1572.44944474
4.02344	154377.221553265	1543.77221553
4.04297	156181.544740907	1561.81544741
4.06250	149897.187679426	1498.97187679
4.08203	155961.91631017	1559.6191631
4.10156	153818.638633722	1538.18638634
4.12109	154424.52171389	1544.24521714
4.14062	150803.429908075	1508.03429908
4.16016	149632.380341013	1496.32380341
4.17969	148639.138357028	1486.39138357
4.19922	146585.339317478	1465.85339317
4.21875	146539.070728901	1465.39070729
4.23828	143817.612882329	1438.17612882
4.25781	146050.767352793	1460.50767353
4.27734	147015.428018788	1470.15428019
4.29688	141685.807638574	1416.85807639
4.31641	142758.518209857	1427.5851821
4.33594	140714.193006594	1407.14193007
4.35547	140225.13034814	1402.25130348
4.37500	139218.1656921	1392.18165692
4.39453	140840.603443181	1408.40603443
4.41406	138693.86590275	1386.93865903
4.43359	139455.620649171	1394.55620649
4.45312	138572.298417596	1385.72298418
4.47266	130522.806715079	1305.22806715
4.49219	131494.491748473	1314.94491748
4.51172	131926.330234345	1319.26330234
4.53125	130756.16151534	1307.56161515
4.55078	132372.936640757	1323.72936641
4.57031	129366.25028042	1293.6625028
4.58984	133443.545948196	1334.43545948
4.60938	130220.733071895	1302.20733072
4.62891	128533.297535193	1285.33297535
4.64844	128856.006378939	1288.56006379
4.66797	126132.726112489	1261.32726112
4.68750	124720.226528098	1247.20226528
4.70703	124495.329769868	1244.9532977
4.72656	123213.613408416	1232.13613408
4.74609	120295.188515274	1202.95188515
4.76562	121462.983183604	1214.62983184
4.78516	121160.674622837	1211.60674623
4.80469	120086.619859976	1200.8661986
4.82422	117339.887729191	1173.39887729
4.84375	120170.966728727	1201.70966729
4.86328	117421.22747586	1174.21227476
4.88281	116814.243353822	1168.14243354
4.90234	118838.692474771	1188.38692475
4.92188	117172.556876702	1171.72556877
4.94141	114997.698826213	1149.97698826
4.96094	114637.788497957	1146.37788498
4.98047	112385.380229832	1123.8538023
5.00000	112647.283443925	1126.47283444
5.01953	110685.091347983	1106.85091348
5.03906	109668.171855291	1096.68171855
5.05859	110423.758021272	1104.23758021
5.07812	109456.666055927	1094.56666056
5.09766	110556.980308035	1105.56980308
5.11719	108596.14342934	1085.96143429
5.13672	106588.01076457	1065.88010765
5.15625	107079.373426756	1070.79373427
5.17578	105306.282531535	1053.06282532
5.19531	105179.32592913	1051.79325929
5.21484	103165.444966151	1031.65444966
5.23438	103692.861406412	1036.92861406
5.25391	102177.189254889	1021.77189255
5.27344	104175.501280672	1041.75501281
5.29297	101900.134068957	1019.00134069
5.31250	101796.769335511	1017.96769336
5.33203	101954.371837707	1019.54371838
5.35156	100037.008977379	1000.37008977
5.37109	99102.1665029973	991.02166503
5.39062	98783.0757093186	987.830757093
5.41016	98587.8055500037	985.8780555
5.42969	98192.2247666937	981.922247667
5.44922	95668.8610294421	956.688610294
5.46875	95367.3065280202	953.67306528
5.48828	96743.1397708455	967.431397708
5.50781	95852.6612504249	958.526612504
5.52734	94274.4357037358	942.744357037
5.54688	92279.9444979191	922.799444979
5.56641	92450.4616422067	924.504616422
5.58594	92836.2526489951	928.36252649
5.60547	93183.3432666398	931.833432666
5.62500	91310.7314492417	913.107314492
5.64453	90034.535459556	900.345354596
5.66406	88968.9978135176	889.689978135
5.68359	88118.5907510233	881.18590751
5.70312	89353.3239186276	893.533239186
5.72266	89460.5811557596	894.605811558
5.74219	87779.3505439407	877.793505439
5.76172	87864.4900578387	878.644900578
5.78125	86895.4344940351	868.95434494
5.80078	87151.6929423275	871.516929423
5.82031	85821.0031114442	858.210031114
5.83984	84406.6402176346	844.066402176
5.85938	85935.695489522	859.356954895
5.87891	84274.8222334797	842.748222335
5.89844	84078.7727113989	840.787727114
5.91797	83116.0818081044	831.160818081
5.93750	80842.4858406641	808.424858407
5.95703	80771.9469432583	807.719469433
5.97656	80033.3572209126	800.333572209
5.99609	80056.9300879612	800.56930088
6.01562	78576.8839556119	785.768839556
6.03516	79753.3338827586	797.533338828
6.05469	77256.3443443268	772.563443443
6.07422	78186.5630647857	781.865630648
6.09375	77377.5760669809	773.77576067
6.11328	78783.274683681	787.832746837
6.13281	77693.0762415143	776.930762415
6.15234	75004.4888780073	750.04488878
6.17188	75592.6433799338	755.926433799
6.19141	74840.5879540786	748.405879541
6.21094	74565.6449505381	745.656449505
6.23047	73569.1842392626	735.691842393
6.25000	73573.373456691	735.733734567
6.26953	72461.5128887424	724.615128887
6.28906	71669.1682648668	716.691682649
6.30859	72826.2112312506	728.262112313
6.32812	70792.0676321113	707.920676321
6.34766	71577.4692928244	715.774692928
6.36719	71107.6086659725	711.07608666
6.38672	69637.3773126384	696.373773126
6.40625	69655.8354042143	696.558354042
6.42578	68959.2977837655	689.592977838
6.44531	70721.9355406983	707.219355407
6.46484	68993.2436441725	689.932436442
6.48438	68601.1024994401	686.011024994
6.50391	66642.9168229199	666.429168229
6.52344	67661.8099419332	676.618099419
6.54297	66573.1668926613	665.731668927
6.56250	65918.4939877746	659.184939878
6.58203	65414.931854587	654.149318546
6.60156	65727.208099988	657.272081
6.62109	65198.0229601218	651.980229601
6.64062	65332.1780448701	653.321780449
6.66016	65141.23267734	651.412326773
6.67969	63278.2957412482	632.782957412
6.69922	63256.6715685923	632.566715686
6.71875	61535.3152198393	615.353152198
6.73828	63887.5760731875	638.875760732
6.75781	61850.0526218097	618.500526218
6.77734	60487.1705544008	604.871705544
6.79688	60526.0317385202	605.260317385
6.81641	60369.8011670513	603.698011671
6.83594	61436.638602119	614.366386021
6.85547	60162.1648609114	601.621648609
6.87500	59454.1308389047	594.541308389
6.89453	59313.407165039	593.13407165
6.91406	59253.042104206	592.530421042
6.93359	58172.8307773943	581.728307774
6.95312	58794.004465242	587.940044652
6.97266	58058.6051774309	580.586051774
6.99219	56391.1256054324	563.911256054
7.01172	56940.6929532672	569.406929533
7.03125	56942.9611519886	569.42961152
7.05078	56340.0837477439	563.400837477
7.07031	56457.981697144	564.579816971
7.08984	55922.9352727354	559.229352727
7.10938	54814.0132812177	548.140132812
7.12891	54454.1537870611	544.541537871
7.14844	53170.1336967193	531.701336967
7.16797	53756.840456788	537.568404568
7.18750	52721.5759656901	527.215759657
7.20703	53188.2331741838	531.882331742
7.22656	53158.9588125633	531.589588126
7.24609	52874.4658550478	528.74465855
7.26562	51838.1086363144	518.381086363
7.28516	52481.8036836461	524.818036836
7.30469	51195.9620632287	511.959620632
7.32422	50870.0287163548	508.700287164
7.34375	50556.3089583766	505.563089584
7.36328	50381.5577234527	503.815577235
7.38281	50373.7155447275	503.737155447
7.40234	50060.5855493832	500.605855494
7.42188	49756.6717758685	497.566717759
7.44141	49751.0985710294	497.51098571
7.46094	48464.1730446426	484.641730446
7.48047	49231.1681875956	492.311681876
7.50000	48630.4927658256	486.304927658
7.51953	48159.9210523218	481.599210523
7.53906	48877.5648823661	488.775648824
7.55859	47374.4690510032	473.74469051
7.57812	47041.6925421112	470.416925421
7.59766	47321.6546214732	473.216546215
7.61719	46605.8972273095	466.058972273
7.63672	46413.9852351789	464.139852352
7.65625	45865.1724124626	458.651724125
7.67578	45119.9994148172	451.199994148
7.69531	45061.5476806631	450.615476807
7.71484	45068.6776539294	450.686776539
7.73438	44451.9536553611	444.519536554
7.75391	43975.2115743476	439.752115743
7.77344	44257.3527983779	442.573527984
7.79297	44574.1648376434	445.741648376
7.81250	43463.8920865281	434.638920865
7.83203	43183.1540295095	431.831540295
7.85156	43283.3902113701	432.833902114
7.87109	43464.9087996343	434.649087996
7.89062	43249.8120283624	432.498120284
7.91016	41930.6582628997	419.306582629
7.92969	42220.2807199455	422.202807199
7.94922	41423.8749523932	414.238749524
7.96875	42535.1250817083	425.351250817
7.98828	41732.712933655	417.327129337
8.00781	40715.6829912043	407.156829912
8.02734	40367.3232649991	403.67323265
8.04688	39668.3544487573	396.683544488
8.06641	39863.1258535624	398.631258536
8.08594	39694.4820641426	396.944820641
8.10547	39938.3810080259	399.38381008
8.12500	39321.1681675537	393.211681676
8.14453	38542.8817809981	385.42881781
8.16406	38081.0629279406	380.810629279
8.18359	38945.7319012738	389.457319013
8.20312	38803.2029955876	388.032029956
8.22266	37747.5477507096	377.475477507
8.24219	37939.66509282	379.396650928
8.26172	38131.0122822494	381.310122822
8.28125	37325.3038673649	373.253038674
8.30078	37038.0216911704	370.380216912
8.32031	37685.7476619433	376.857476619
8.33984	36066.117169258	360.661171693
8.35938	35552.269499262	355.522694993
8.37891	35712.4205416262	357.124205416
8.39844	36192.8878040751	361.928878041
8.41797	35508.6911667131	355.086911667
8.43750	35354.6126750256	353.54612675
8.45703	34763.1122050211	347.63112205
8.47656	34812.9332050934	348.129332051
8.49609	34784.2312221007	347.842312221
8.51562	34369.1174514035	343.691174514
8.53516	34521.0280755863	345.210280756
8.55469	32923.5927546973	329.235927547
8.57422	34221.7672401806	342.217672402
8.59375	32965.3937218646	329.653937219
8.61328	33058.6234037381	330.586234037
8.63281	33130.7982906058	331.307982906
8.65234	32329.3231690708	323.293231691
8.67188	32487.9938259338	324.879938259
8.69141	32540.5937998247	325.405937998
8.71094	32293.0422673482	322.930422673
8.73047	32283.3320752526	322.833320753
8.75000	31178.7346860259	311.78734686
8.76953	31303.1344203594	313.031344204
8.78906	31529.8019530567	315.298019531
8.80859	31401.3143217772	314.013143218
8.82812	30675.1801510651	306.751801511
8.84766	30748.4348597385	307.484348597
8.86719	30680.3603659553	306.80360366
8.88672	30298.366247859	302.983662479
8.90625	30315.7926126881	303.157926127
8.92578	29978.4334836197	299.784334836
8.94531	30252.0332981563	302.520332982
8.96484	29664.0807391291	296.640807391
8.98438	30039.51713034	300.395171303
9.00391	29444.3402685782	294.443402686
9.02344	28676.2654814989	286.762654815
9.04297	29411.3089263242	294.113089263
9.06250	28464.3471196329	284.643471196
9.08203	29006.6789562651	290.066789563
9.10156	28267.6768254132	282.676768254
9.12109	28577.2941832201	285.772941832
9.14062	27737.2753819918	277.37275382
9.16016	28000.6675785069	280.006675785
9.17969	27877.499034861	278.774990349
9.19922	27992.8695939455	279.928695939
9.21875	27285.1589305202	272.851589305
9.23828	26794.6325646654	267.946325647
9.25781	26737.6160300491	267.3761603
9.27734	26614.2489417657	266.142489418
9.29688	26471.1504201913	264.711504202
9.31641	26222.7961138072	262.227961138
9.33594	26527.9606113568	265.279606114
9.35547	25500.6408219136	255.006408219
9.37500	25958.644095627	259.586440956
9.39453	25884.9069836324	258.849069836
9.41406	26031.3118528265	260.313118528
9.43359	25234.1688031478	252.341688031
9.45312	24765.1519459222	247.651519459
9.47266	24947.6201241393	249.476201241
9.49219	25152.9754050704	251.529754051
9.51172	24722.4814815424	247.224814815
9.53125	24342.1412834844	243.421412835
9.55078	24063.7996220156	240.63799622
9.57031	24178.8519324441	241.788519324
9.58984	24062.393760241	240.623937602
9.60938	24015.8331292037	240.158331292
9.62891	23898.2764797784	238.982764798
9.64844	24242.7987153186	242.427987153
9.66797	23289.1703648802	232.891703649
9.68750	22826.7161532567	228.267161533
9.70703	23229.1824016617	232.291824017
9.72656	23224.9461368666	232.249461369
9.74609	22801.678081351	228.016780814
9.76562	22534.1269665263	225.341269665
9.78516	22295.3641048571	222.953641049
9.80469	22495.3301460113	224.95330146
9.82422	22260.0277913726	222.600277914
9.84375	22252.4284180232	222.52428418
9.86328	22012.336548958	220.12336549
9.88281	21752.198230922	217.521982309
9.90234	21881.1618785064	218.811618785
9.92188	21601.0105107883	216.010105108
9.94141	21259.4651953662	212.594651954
9.96094	21327.4596665918	213.274596666
9.98047	21186.8198335268	211.868198335
10.00000	21207.2666161763	212.072666162
10.01953	20904.9040065919	209.049040066
10.03906	20356.9437752274	203.569437752
10.05859	20662.627578511	206.626275785
10.07812	20628.9487182218	206.289487182
10.09766	20360.0028020524	203.600028021
10.11719	20174.0525348858	201.740525349
10.13672	20211.299765165	202.112997652
10.15625	20322.5491821637	203.225491822
10.17578	19642.1173505489	196.421173505
10.19531	19342.1296086335	193.421296086
10.21484	19405.44637712	194.054463771
10.23438	19173.5791358567	191.735791359
10.25391	19762.4600711077	197.624600711
10.27344	19297.2201773978	192.972201774
10.29297	19255.1311822536	192.551311823
10.31250	19124.5961468874	191.245961469
10.33203	18891.8743704029	188.918743704
10.35156	18831.2853036344	188.312853036
10.37109	18631.7948853537	186.317948854
10.39062	18783.59584153	187.835958415
10.41016	18447.478711562	184.474787116
10.42969	18068.7678777727	180.687678778
10.44922	18736.0144429717	187.36014443
10.46875	18385.702618545	183.857026185
10.48828	18199.5187295515	181.995187296
10.50781	17773.1939636991	177.731939637
10.52734	17652.3253764158	176.523253764
10.54688	17176.9005581566	171.769005582
10.56641	17127.5534340623	171.275534341
10.58594	17542.8794777818	175.428794778
10.60547	17729.9529197711	177.299529198
10.62500	16946.7374288084	169.467374288
10.64453	17234.9790794275	172.349790794
10.66406	17064.3725824863	170.643725825
10.68359	16762.8364294745	167.628364295
10.70312	16608.7797778857	166.087797779
10.72266	16540.519883012	165.40519883
10.74219	16533.4747379065	165.334747379
10.76172	16268.0145997128	162.680145997
10.78125	16453.3406297812	164.533406298
10.80078	16533.69480229	165.336948023
10.82031	15991.8652013226	159.918652013
10.83984	15731.8155900154	157.3181559
10.85938	15880.7824985263	158.807824985
10.87891	15667.8457559664	156.67845756
10.89844	15570.3016353609	155.703016354
10.91797	15445.4251564839	154.454251565
10.93750	15452.8352805779	154.528352806
10.95703	15158.1667510078	151.58166751
10.97656	15288.542459059	152.885424591
10.99609	15042.4787881801	150.424787882
11.01562	15016.6635802725	150.166635803
11.03516	15033.4349198887	150.334349199
11.05469	14899.8519797332	148.998519797
11.07422	14584.1737498644	145.841737499
11.09375	14707.7322564057	147.077322564
11.11328	14579.4337847679	145.794337848
11.13281	14638.4577570386	146.38457757
11.15234	14560.8230235756	145.608230236
11.17188	14389.1714634063	143.891714634
11.19141	14256.7218737525	142.567218738
11.21094	14390.5775010855	143.905775011
11.23047	14227.2741290523	142.272741291
11.25000	13892.9670372251	138.929670372
11.26953	13974.2340194554	139.742340195
11.28906	13673.0846920584	136.730846921
11.30859	13978.1633445615	139.781633446
11.32812	13373.1402602493	133.731402602
11.34766	13285.6506905511	132.856506906
11.36719	13717.4649989528	137.17464999
11.38672	13538.6324799806	135.3863248
11.40625	13280.7285564239	132.807285564
11.42578	13327.6631747374	133.276631747
11.44531	13106.6948846938	131.066948847
11.46484	12836.6887621844	128.366887622
11.48438	12834.9540194434	128.349540194
11.50391	12911.8488510618	129.118488511
11.52344	12748.6677876419	127.486677876
11.54297	12701.3591036475	127.013591036
11.56250	12655.1753615863	126.551753616
11.58203	12538.77726099	125.38777261
11.60156	12255.6506737697	122.556506738
11.62109	12505.9308822666	125.059308823
11.64062	12433.0233986247	124.330233986
11.66016	12125.4790874299	121.254790874
11.67969	12233.4041785597	122.334041786
11.69922	11992.5844559478	119.925844559
11.71875	12000.8011891754	120.008011892
11.73828	12011.3843489513	120.11384349
11.75781	11959.2084879964	119.59208488
11.77734	11776.199177814	117.761991778
11.79688	11769.7593412481	117.697593412
11.81641	11688.871445104	116.888714451
11.83594	11795.8984482783	117.958984483
11.85547	11569.4587515206	115.694587515
11.87500	11417.3062520157	114.17306252
11.89453	11258.5324629756	112.58532463
11.91406	11338.9337670353	113.38933767
11.93359	11314.3822199662	113.1438222
11.95312	11161.6421244408	111.616421244
11.97266	10747.8203664037	107.478203664
11.99219	11038.0966976092	110.380966976
12.01172	11096.1988786547	110.961988787
12.03125	10924.248439357	109.242484394
12.05078	10982.7496120906	109.827496121
12.07031	10787.0689081246	107.870689081
12.08984	10687.2454584261	106.872454584
12.10938	10558.1813252883	105.581813253
12.12891	10468.8229943469	104.688229943
12.14844	10413.1640607854	104.131640608
12.16797	10396.7749544283	103.967749544
12.18750	10461.0651472914	104.610651473
12.20703	10248.4511559762	102.48451156
12.22656	10078.5900490344	100.78590049
12.24609	10078.1553503905	100.781553504
12.26562	10024.493788916	100.244937889
12.28516	10030.2377356286	100.302377356
12.30469	9928.89230780242	99.288923078
12.32422	9781.92780144085	97.8192780144
12.34375	9763.47946221405	97.6347946221
12.36328	9822.14597677499	98.2214597677
12.38281	9716.36694145054	97.1636694145
12.40234	9667.45711024287	96.6745711024
12.42188	9649.08704577365	96.4908704577
12.44141	9367.94309631985	93.6794309632
12.46094	9320.34089295841	93.2034089296
12.48047	9511.49593319115	95.1149593319
12.50000	9320.04116037802	93.2004116038
12.51953	9235.48568762939	92.3548568763
12.53906	9371.94221519125	93.7194221519
12.55859	9160.84553853394	91.6084553853
12.57812	9177.49309605559	91.7749309606
12.59766	9129.09332789416	91.2909332789
12.61719	8896.71701461164	88.9671701461
12.63672	8916.08903049629	89.160890305
12.65625	8976.72812647344	89.7672812647
12.67578	8799.4423776269	87.9944237763
12.69531	8624.93418436278	86.2493418436
12.71484	8641.01991889038	86.4101991889
12.73438	8703.80113185794	87.0380113186
12.75391	8667.52427971441	86.6752427971
12.77344	8457.52458467929	84.5752458468
12.79297	8496.51417472421	84.9651417472
12.81250	8464.21006666619	84.6421006667
12.83203	8411.78760173169	84.1178760173
12.85156	8310.64939336223	83.1064939336
12.87109	8282.51094752878	82.8251094753
12.89062	8331.32666713355	83.3132666713
12.91016	8125.62755406002	81.2562755406
12.92969	8182.39229909791	81.823922991
12.94922	8083.4958451604	80.8349584516
12.96875	7924.23989238464	79.2423989238
12.98828	8094.25825899628	80.94258259
13.00781	7893.97245393004	78.9397245393
13.02734	7899.77789593076	78.9977789593
13.04688	7800.63555605319	78.0063555605
13.06641	7773.60261634871	77.7360261635
13.08594	7768.92873743289	77.6892873743
13.10547	7677.65511932834	76.7765511933
13.12500	7649.62390028956	76.4962390029
13.14453	7483.99927569223	74.8399927569
13.16406	7412.17277953196	74.1217277953
13.18359	7613.59467324044	76.1359467324
13.20312	7627.91422630118	76.279142263
13.22266	7480.20221521363	74.8020221521
13.24219	7343.89691362187	73.4389691362
13.26172	7327.17823441446	73.2717823441
13.28125	7284.14875943383	72.8414875943
13.30078	7252.94180847656	72.5294180848
13.32031	7201.69564372808	72.0169564373
13.33984	7036.692354277	70.3669235428
13.35938	7287.68424158784	72.8768424159
13.37891	7131.11708132257	71.3111708132
13.39844	7037.81091763562	70.3781091764
13.41797	7077.57608636031	70.7757608636
13.43750	6846.45864498641	68.4645864499
13.45703	6796.5250241365	67.9652502414
13.47656	6785.53373706249	67.8553373706
13.49609	6766.77619569474	67.6677619569
13.51562	6648.71581689418	66.4871581689
13.53516	6738.50305331156	67.3850305331
13.55469	6723.01458647518	67.2301458648
13.57422	6525.83856282819	65.2583856283
13.59375	6703.8512260093	67.0385122601
13.61328	6502.47028447123	65.0247028447
13.63281	6393.49392580913	63.9349392581
13.65234	6552.05254829413	65.5205254829
13.67188	6437.17929328812	64.3717929329
13.69141	6247.13024961609	62.4713024962
13.71094	6341.24262389389	63.4124262389
13.73047	6271.68770317306	62.7168770317
13.75000	6200.29208114307	62.0029208114
13.76953	6236.66457796172	62.3666457796
13.78906	6244.14219747017	62.4414219747
13.80859	6181.4018881419	61.8140188814
13.82812	6102.79620228956	61.0279620229
13.84766	5988.61607266474	59.8861607266
13.86719	6091.84107358516	60.9184107359
13.88672	5950.44268077783	59.5044268078
13.90625	5968.20020418225	59.6820020418
13.92578	5949.09568996119	59.4909568996
13.94531	5950.31028968952	59.5031028969
13.96484	5927.95735481444	59.2795735481
13.98438	5741.32456378647	57.4132456379
14.00391	5826.58194523161	58.2658194523
14.02344	5716.54886417529	57.1654886418
14.04297	5806.6226481159	58.0662264812
14.06250	5591.23437334585	55.9123437335
14.08203	5649.21549766048	56.4921549766
14.10156	5564.26277460726	55.6426277461
14.12109	5510.75291862555	55.1075291863
14.14062	5614.81994283339	56.1481994283
14.16016	5475.81611875365	54.7581611875
14.17969	5587.28591818277	55.8728591818
14.19922	5373.04410372152	53.7304410372
14.21875	5349.00103570803	53.4900103571
14.23828	5467.91160358321	54.6791160358
14.25781	5359.73148726829	53.5973148727
14.27734	5354.09041177595	53.5409041178
14.29688	5388.19393329715	53.881939333
14.31641	5209.92652063068	52.0992652063
14.33594	5257.90548493823	52.5790548494
14.35547	5253.23551183049	52.5323551183
14.37500	5107.44555642556	51.0744555643
14.39453	5130.33559582896	51.3033559583
14.41406	5034.35684172631	50.3435684173
14.43359	4936.3026289645	49.3630262896
14.45312	5044.78311950533	50.4478311951
14.47266	4989.63745318315	49.8963745318
14.49219	4942.84782866235	49.4284782866
14.51172	4896.63556690125	48.966355669
14.53125	4860.94177171131	48.6094177171
14.55078	4883.67315398188	48.8367315398
14.57031	4775.99685735031	47.7599685735
14.58984	4842.19654290553	48.4219654291
14.60938	4744.14015157714	47.4414015158
14.62891	4794.74693136496	47.9474693136
14.64844	4760.25319326934	47.6025319327
14.66797	4660.00920939482	46.6000920939
14.68750	4679.27566966205	46.7927566966
14.70703	4630.01429167527	46.3001429168
14.72656	4660.22028151333	46.6022028151
14.74609	4570.00253470102	45.700025347
14.76562	4601.28554186358	46.0128554186
14.78516	4595.82476409163	45.9582476409
14.80469	4578.45705935651	45.7845705936
14.82422	4490.75845998093	44.9075845998
14.84375	4420.66892911907	44.2066892912
14.86328	4408.43075138529	44.0843075139
14.88281	4362.72874584324	43.6272874584
14.90234	4382.29115665523	43.8229115666
14.92188	4350.34687462512	43.5034687463
14.94141	4264.94041701861	42.6494041702
14.96094	4397.15208228198	43.9715208228
14.98047	4260.494528173	42.6049452817
15.00000	4355.45760357476	43.5545760357
15.01953	4219.94342526526	42.1994342527
15.03906	4187.35990281409	41.8735990281
15.05859	4161.65486357693	41.6165486358
15.07812	4177.62178653223	41.7762178653
15.09766	4124.70695383051	41.2470695383
15.11719	4064.49436673274	40.6449436673
15.13672	4106.23042924557	41.0623042925
15.15625	4056.61613627213	40.5661613627
15.17578	4031.98277221332	40.3198277221
15.19531	3987.73859288288	39.8773859288
15.21484	3984.1962503173	39.8419625032
15.23438	3974.53189789505	39.745318979
15.25391	3862.15691645573	38.6215691646
15.27344	3892.94183868264	38.9294183868
15.29297	3936.23198632081	39.3623198632
15.31250	3864.29308648223	38.6429308648
15.33203	3852.66018988884	38.5266018989
15.35156	3831.28404185986	38.3128404186
15.37109	3845.29749546621	38.4529749547
15.39062	3791.6619944363	37.9166199444
15.41016	3719.96358573457	37.1996358573
15.42969	3789.61461449327	37.8961461449
15.44922	3703.83656839399	37.0383656839
15.46875	3717.78235517378	37.1778235517
15.48828	3688.95132274955	36.8895132275
15.50781	3597.40514516053	35.9740514516
15.52734	3605.53354886161	36.0553354886
15.54688	3616.29132806308	36.1629132806
15.56641	3571.15493582168	35.7115493582
15.58594	3521.95345036425	35.2195345036
15.60547	3543.38465351092	35.4338465351
15.62500	3572.69493408581	35.7269493409
15.64453	3461.60331239031	34.6160331239
15.66406	3467.66698375801	34.6766698376
15.68359	3441.49907386204	34.4149907386
15.70312	3397.72641775234	33.9772641775
15.72266	3347.55902137029	33.4755902137
15.74219	3344.49562144308	33.4449562144
15.76172	3314.74700309964	33.147470031
15.78125	3308.50162891821	33.0850162892
15.80078	3349.11854723774	33.4911854724
15.82031	3345.10858990729	33.4510858991
15.83984	3215.456224073	32.1545622407
15.85938	3343.5470164504	33.4354701645
15.87891	3263.5987270292	32.6359872703
15.89844	3220.13107861349	32.2013107861
15.91797	3224.86102125777	32.2486102126
15.93750	3167.83199477055	31.6783199477
15.95703	3138.91296986017	31.3891296986
15.97656	3124.64696008843	31.2464696009
15.99609	3200.36132044806	32.0036132045
16.01562	3157.20889878428	31.5720889878
16.03516	3054.24792491364	30.5424792491
16.05469	3113.13228971589	31.1313228972
16.07422	3103.77431579664	31.037743158
16.09375	3100.38182488578	31.0038182489
16.11328	3010.54972132987	30.1054972133
16.13281	3002.54143453717	30.0254143454
16.15234	3028.54314769041	30.2854314769
16.17188	3028.07194343007	30.2807194343
16.19141	2979.27211378021	29.7927211378
16.21094	2960.8733549282	29.6087335493
16.23047	2929.70144108642	29.2970144109
16.25000	2902.75432254135	29.0275432254
16.26953	2810.33742550754	28.1033742551
16.28906	2879.37186068213	28.7937186068
16.30859	2880.95254516712	28.8095254517
16.32812	2840.20664044394	28.4020664044
16.34766	2890.1977113626	28.9019771136
16.36719	2852.38210484427	28.5238210484
16.38672	2804.35624787669	28.0435624788
16.40625	2785.88485585915	27.8588485586
16.42578	2748.09861063291	27.4809861063
16.44531	2798.40785243567	27.9840785244
16.46484	2740.62196060389	27.406219606
16.48438	2726.86199284401	27.2686199284
16.50391	2717.30272148569	27.1730272149
16.52344	2678.95191298679	26.7895191299
16.54297	2686.9133556873	26.8691335569
16.56250	2685.329728274	26.8532972827
16.58203	2634.79580837333	26.3479580837
16.60156	2602.91790935552	26.0291790936
16.62109	2613.14522913981	26.1314522914
16.64062	2640.80240491918	26.4080240492
16.66016	2633.883549873	26.3388354987
16.67969	2555.68815136861	25.5568815137
16.69922	2545.57293738652	25.4557293739
16.71875	2591.56409566738	25.9156409567
16.73828	2570.63001221716	25.7063001222
16.75781	2516.85341794291	25.1685341794
16.77734	2527.32652579125	25.2732652579
16.79688	2480.45041416571	24.8045041417
16.81641	2494.80488978122	24.9480488978
16.83594	2449.00265546076	24.4900265546
16.85547	2461.84817502002	24.6184817502
16.87500	2446.32883865381	24.4632883865
16.89453	2446.50609937783	24.4650609938
16.91406	2435.52993954104	24.3552993954
16.93359	2405.94664665078	24.0594664665
16.95312	2424.83913342129	24.2483913342
16.97266	2365.93974229687	23.659397423
16.99219	2342.18555398317	23.4218555398
17.01172	2330.41659870327	23.304165987
17.03125	2344.30930588667	23.4430930589
17.05078	2336.6501933415	23.3665019334
17.07031	2286.87464537632	22.8687464538
17.08984	2271.88733343483	22.7188733343
17.10938	2258.75587366793	22.5875587367
17.12891	2269.14196796719	22.6914196797
17.14844	2246.91835437101	22.4691835437
17.16797	2274.19480032147	22.7419480032
17.18750	2238.0181155315	22.3801811553
17.20703	2194.40926686695	21.9440926687
17.22656	2186.52180826944	21.8652180827
17.24609	2181.58322135107	21.8158322135
17.26562	2168.11074470271	21.681107447
17.28516	2158.53077954352	21.5853077954
17.30469	2128.10089367386	21.2810089367
17.32422	2113.77438822808	21.1377438823
17.34375	2106.05072032869	21.0605072033
17.36328	2113.80016143553	21.1380016144
17.38281	2112.42315902277	21.1242315902
17.40234	2052.9555086716	20.5295550867
17.42188	2065.40304820247	20.654030482
17.44141	2051.92270845189	20.5192270845
17.46094	2049.88480655442	20.4988480655
17.48047	2023.18464017709	20.2318464018
17.50000	2073.0756374837	20.7307563748
17.51953	1994.56084917658	19.9456084918
17.53906	1964.23413896258	19.6423413896
17.55859	2014.72306781009	20.1472306781
17.57812	1984.15545988012	19.8415545988
17.59766	1974.52837210283	19.745283721
17.61719	1986.14941429623	19.861494143
17.63672	1954.664769658	19.5466476966
17.65625	1914.07209593439	19.1407209593
17.67578	1944.68567187703	19.4468567188
17.69531	1922.55728094455	19.2255728094
17.71484	1916.69539399597	19.16695394
17.73438	1907.19152851195	19.0719152851
17.75391	1864.76895917146	18.6476895917
17.77344	1909.13402767816	19.0913402768
17.79297	1880.52445998227	18.8052445998
17.81250	1830.54428319582	18.305442832
17.83203	1855.64823964933	18.5564823965
17.85156	1845.2106622133	18.4521066221
17.87109	1848.91879445013	18.4891879445
17.89062	1832.33651807286	18.3233651807
17.91016	1802.53273167718	18.0253273168
17.92969	1797.93293451422	17.9793293451
17.94922	1759.6118472308	17.5961184723
17.96875	1782.77923772383	17.8277923772
17.98828	1730.66026465653	17.3066026466
18.00781	1759.13962160587	17.5913962161
18.02734	1733.30314664843	17.3330314665
18.04688	1717.7757155456	17.1777571555
18.06641	1740.21367156351	17.4021367156
18.08594	1748.31291389089	17.4831291389
18.10547	1734.78845679744	17.347884568
18.12500	1705.6450725092	17.0564507251
18.14453	1697.28409973646	16.9728409974
18.16406	1676.98516299539	16.76985163
18.18359	1691.71823503887	16.9171823504
18.20312	1676.53070112127	16.7653070112
18.22266	1646.0513485818	16.4605134858
18.24219	1650.22917576313	16.5022917576
18.26172	1625.77445117339	16.2577445117
18.28125	1651.41249159226	16.5141249159
18.30078	1603.8636572479	16.0386365725
18.32031	1599.24889828813	15.9924889829
18.33984	1605.01066265541	16.0501066266
18.35938	1598.55816474123	15.9855816474
18.37891	1580.7644458868	15.8076444589
18.39844	1569.39795631933	15.6939795632
18.41797	1558.62925619443	15.5862925619
18.43750	1589.03637918541	15.8903637919
18.45703	1557.06553284491	15.5706553284
18.47656	1544.30288675442	15.4430288675
18.49609	1532.01457472611	15.3201457473
18.51562	1530.05770240738	15.3005770241
18.53516	1518.50878104062	15.1850878104
18.55469	1513.6055639256	15.1360556393
18.57422	1521.49502843723	15.2149502844
18.59375	1493.13499421594	14.9313499422
18.61328	1485.00753886476	14.8500753886
18.63281	1483.74547623788	14.8374547624
18.65234	1471.14924612398	14.7114924612
18.67188	1451.64778788528	14.5164778789
18.69141	1445.90916805207	14.4590916805
18.71094	1451.46423739669	14.514642374
18.73047	1421.98453880257	14.219845388
18.75000	1411.05770908141	14.1105770908
18.76953	1424.30173796114	14.2430173796
18.78906	1412.28554903779	14.1228554904
18.80859	1405.95245016588	14.0595245017
18.82812	1427.67625090628	14.2767625091
18.84766	1410.54312172041	14.1054312172
18.86719	1376.22147928543	13.7622147929
18.88672	1375.07385725497	13.7507385725
18.90625	1381.58211520853	13.8158211521
18.92578	1351.65766317264	13.5165766317
18.94531	1369.08986737514	13.6908986738
18.96484	1366.39870098072	13.6639870098
18.98438	1372.61226848741	13.7261226849
19.00391	1333.03045630267	13.330304563
19.02344	1339.97168606451	13.3997168606
19.04297	1346.0354542824	13.4603545428
19.06250	1305.16495252399	13.0516495252
19.08203	1313.47396461807	13.1347396462
19.10156	1332.49937705756	13.3249937706
19.12109	1303.9718055104	13.0397180551
19.14062	1284.50217620803	12.8450217621
19.16016	1282.6038435693	12.8260384357
19.17969	1294.89214748795	12.9489214749
19.19922	1270.59609968565	12.7059609969
19.21875	1266.07386284285	12.6607386284
19.23828	1243.58637119826	12.435863712
19.25781	1261.24268377803	12.6124268378
19.27734	1244.22140120075	12.442214012
19.29688	1243.00355490238	12.430035549
19.31641	1240.24681804978	12.4024681805
19.33594	1220.23690698678	12.2023690699
19.35547	1217.76182717485	12.1776182717
19.37500	1227.82886919659	12.278288692
19.39453	1205.38093891038	12.0538093891
19.41406	1188.71825741324	11.8871825741
19.43359	1171.93398749275	11.7193398749
19.45312	1193.48670451561	11.9348670452
19.47266	1177.87532659496	11.7787532659
19.49219	1189.33292762631	11.8933292763
19.51172	1174.80143456545	11.7480143457
19.53125	1159.24594998677	11.5924594999
19.55078	1157.30267252388	11.5730267252
19.57031	1166.33877361713	11.6633877362
19.58984	1150.10455716661	11.5010455717
19.60938	1134.63699809115	11.3463699809
19.62891	1130.21018092671	11.3021018093
19.64844	1167.5490210903	11.6754902109
19.66797	1121.29875739094	11.2129875739
19.68750	1109.30143794665	11.0930143795
19.70703	1101.97815644024	11.0197815644
19.72656	1123.09907992425	11.2309907992
19.74609	1117.74416335005	11.1774416335
19.76562	1093.3216279899	10.9332162799
19.78516	1110.65077283369	11.1065077283
19.80469	1104.09551610848	11.0409551611
19.82422	1094.21002639404	10.9421002639
19.84375	1092.93965238033	10.9293965238
19.86328	1089.5298596522	10.8952985965
19.88281	1075.62556651703	10.7562556652
19.90234	1064.64392910138	10.646439291
19.92188	1038.78415848231	10.3878415848
19.94141	1055.04373697517	10.5504373698
19.96094	1031.59504620503	10.3159504621
19.98047	1040.54874232587	10.4054874233