0.00000	0.00000
0.01953	4.79812
0.03906	9.42145
0.05859	17.72903
0.07812	23.83955
0.09766	32.65077
0.11719	41.19484
0.13672	50.45720
0.15625	59.46462
0.17578	66.31996
0.19531	70.15216
0.21484	74.91235
0.23438	84.39907
0.25391	94.60018
0.27344	100.70462
0.29297	106.71282
0.31250	110.70749
0.33203	116.59959
0.35156	125.27343
0.37109	130.87093
0.39062	140.23062
0.41016	144.57712
0.42969	149.86085
0.44922	155.08143
0.46875	160.23906
0.48828	169.17284
0.50781	176.94566
0.52734	183.60986
0.54688	190.17001
0.56641	195.67085
0.58594	199.19178
0.60547	203.68125
0.62500	204.29816
0.64453	212.69592
0.66406	222.81937
0.68359	234.61749
0.70312	250.92222
0.72266	261.98930
0.74219	263.23774
0.76172	265.58701
0.78125	277.61025
0.80078	286.46549
0.82031	296.12372
0.83984	301.76152
0.85938	312.16767
0.87891	319.48442
0.89844	337.26785
0.91797	348.82102
0.93750	357.27924
0.95703	374.27579
0.97656	386.06057
0.99609	398.60350
1.01562	412.83920
1.03516	423.91290
1.05469	432.90892
1.07422	449.49792
1.09375	471.47750
1.11328	483.31493
1.13281	511.31950
1.15234	540.50224
1.17188	565.10674
1.19141	598.77348
1.21094	644.06990
1.23047	703.49446
1.25000	783.31993
1.26953	949.11624
1.28906	1235.31837
1.30859	1741.54896
1.32812	2605.34885
1.34766	3875.32550
1.36719	6064.56229
1.38672	9317.04615
1.40625	13823.60662
1.42578	20074.51081
1.44531	28626.09731
1.46484	39905.56753
1.48438	53895.25410
1.50391	70489.96629
1.52344	91847.48528
1.54297	116566.66128
1.56250	144160.51279
1.58203	174498.92464
1.60156	208580.77943
1.62109	243694.32571
1.64062	280138.33679
1.66016	315902.63412
1.67969	354229.75455
1.69922	392123.50962
1.71875	429483.20106
1.73828	465034.79639
1.75781	499272.77560
1.77734	532156.99719
1.79688	562808.88932
1.81641	590732.56867
1.83594	618879.34821
1.85547	645355.34899
1.87500	670574.68347
1.89453	693656.55054
1.91406	715660.14690
1.93359	736555.89709
1.95312	755009.85294
1.97266	772144.68864
1.99219	788193.11844
2.01172	803273.34547
2.03125	817249.88424
2.05078	829867.70232
2.07031	839777.18465
2.08984	849678.41697
2.10938	858329.72509
2.12891	864759.36535
2.14844	870515.72376
2.16797	875427.17771
2.18750	879243.77954
2.20703	882032.54706
2.22656	883589.19001
2.24609	883793.65490
2.26562	883210.98966
2.28516	881089.30195
2.30469	878998.52950
2.32422	876146.79130
2.34375	872618.93196
2.36328	868688.92892
2.38281	864197.14735
2.40234	859198.27528
2.42188	853989.28485
2.44141	848256.21480
2.46094	842509.77031
2.48047	836432.32399
2.50000	830051.56733
2.51953	823523.22055
2.53906	816860.60214
2.55859	810138.85255
2.57812	803184.54920
2.59766	796169.26761
2.61719	789242.26569
2.63672	782203.60709
2.65625	775222.54007
2.67578	768225.42737
2.69531	761283.17775
2.71484	754357.09270
2.73438	747341.41788
2.75391	740435.99426
2.77344	733608.90033
2.79297	726863.64564
2.81250	720187.78424
2.83203	713567.83365
2.85156	706947.96263
2.87109	700455.04816
2.89062	694030.06524
2.91016	687649.23857
2.92969	681371.45336
2.94922	675175.85586
2.96875	669002.36399
2.98828	662916.12482
3.00781	656965.53216
3.02734	651000.71771
3.04688	645046.51130
3.06641	639172.74712
3.08594	633360.32541
3.10547	627640.94001
3.12500	621982.87242
3.14453	616341.36204
3.16406	610791.38883
3.18359	605289.98665
3.20312	599838.17137
3.22266	594430.23633
3.24219	589096.22974
3.26172	583804.67127
3.28125	578564.69343
3.30078	573331.36487
3.32031	568227.44898
3.33984	563172.50089
3.35938	558144.00554
3.37891	553129.86517
3.39844	548166.34934
3.41797	543294.08965
3.43750	538475.52675
3.45703	533714.93955
3.47656	528991.52605
3.49609	524292.95547
3.51562	519628.43690
3.53516	515043.25919
3.55469	510477.41393
3.57422	505977.80418
3.59375	501539.65438
3.61328	497127.74045
3.63281	492752.32026
3.65234	488432.81601
3.67188	484145.71237
3.69141	479907.74681
3.71094	475711.98997
3.73047	471569.06715
3.75000	467477.70992
3.76953	463419.46114
3.78906	459404.39411
3.80859	455430.66840
3.82812	451500.36120
3.84766	447587.64830
3.86719	443741.54810
3.88672	439911.34338
3.90625	436126.94997
3.92578	432376.81396
3.94531	428669.98575
3.96484	425011.33596
3.98438	421365.27645
4.00391	417762.80074
4.02344	414196.26923
4.04297	410678.50124
4.06250	407196.90253
4.08203	403749.93272
4.10156	400338.98137
4.12109	396962.49936
4.14062	393612.27828
4.16016	390291.91961
4.17969	387014.46305
4.19922	383779.02650
4.21875	380573.27703
4.23828	377384.39236
4.25781	374225.90853
4.27734	371105.05729
4.29688	367998.10068
4.31641	364939.76287
4.33594	361902.03313
4.35547	358897.32375
4.37500	355919.32789
4.39453	352972.53300
4.41406	350052.61480
4.43359	347160.20710
4.45312	344297.83217
4.47266	341458.31837
4.49219	338654.91049
4.51172	335866.76354
4.53125	333114.12205
4.55078	330381.90375
4.57031	327673.83520
4.58984	324991.56208
4.60938	322335.70436
4.62891	319698.22078
4.64844	317083.83840
4.66797	314502.84440
4.68750	311940.19773
4.70703	309407.34066
4.72656	306893.20307
4.74609	304410.16237
4.76562	301955.73103
4.78516	299505.46037
4.80469	297082.82193
4.82422	294682.53609
4.84375	292298.57523
4.86328	289934.72450
4.88281	287601.32845
4.90234	285279.55953
4.92188	282992.56720
4.94141	280722.31770
4.96094	278474.50566
4.98047	276246.91794
5.00000	274041.26198
5.01953	271849.57976
5.03906	269677.63760
5.05859	267520.41054
5.07812	265395.12734
5.09766	263280.94654
5.11719	261177.97506
5.13672	259098.75671
5.15625	257032.32353
5.17578	254983.47724
5.19531	252960.66317
5.21484	250960.50028
5.23438	248969.19889
5.25391	246996.50999
5.27344	245034.52177
5.29297	243104.39986
5.31250	241181.41526
5.33203	239284.96696
5.35156	237407.79883
5.37109	235537.18737
5.39062	233687.74265
5.41016	231847.59485
5.42969	230020.67397
5.44922	228208.82135
5.46875	226418.60206
5.48828	224640.02635
5.50781	222876.92040
5.52734	221130.07476
5.54688	219399.29114
5.56641	217680.54055
5.58594	215975.69830
5.60547	214290.39655
5.62500	212613.74542
5.64453	210950.61838
5.66406	209311.44678
5.68359	207686.12569
5.70312	206065.90660
5.72266	204465.38218
5.74219	202874.59100
5.76172	201300.26479
5.78125	199739.27875
5.80078	198189.58848
5.82031	196646.34118
5.83984	195121.16412
5.85938	193618.52277
5.87891	192115.86697
5.89844	190638.51525
5.91797	189162.83538
5.93750	187702.56112
5.95703	186255.53173
5.97656	184809.11868
5.99609	183384.73955
6.01562	181979.00481
6.03516	180575.24709
6.05469	179184.29126
6.07422	177805.97442
6.09375	176431.50712
6.11328	175074.49279
6.13281	173728.82191
6.15234	172393.42493
6.17188	171072.06746
6.19141	169757.81658
6.21094	168458.39310
6.23047	167170.66460
6.25000	165890.66460
6.26953	164626.08528
6.28906	163362.25472
6.30859	162115.75523
6.32812	160880.46092
6.34766	159659.12794
6.36719	158441.93594
6.38672	157231.90393
6.40625	156034.79734
6.42578	154849.44475
6.44531	153670.88816
6.46484	152505.86825
6.48438	151349.35322
6.50391	150201.30287
6.52344	149055.91369
6.54297	147923.90079
6.56250	146799.25426
6.58203	145683.87419
6.60156	144580.54390
6.62109	143478.50975
6.64062	142394.28774
6.66016	141314.01808
6.67969	140245.48599
6.69922	139202.89077
6.71875	138149.06326
6.73828	137106.77325
6.75781	136070.06029
6.77734	135051.42483
6.79688	134033.15475
6.81641	133023.16244
6.83594	132018.48651
6.85547	131027.78858
6.87500	130043.09272
6.89453	129063.44904
6.91406	128094.65002
6.93359	127131.71042
6.95312	126177.51301
6.97266	125231.94854
6.99219	124295.87344
7.01172	123367.23460
7.03125	122445.97680
7.05078	121527.24509
7.07031	120618.83357
7.08984	119718.63885
7.10938	118823.68474
7.12891	117932.06400
7.14844	117054.40584
7.16797	116181.74716
7.18750	115316.02935
7.20703	114454.31506
7.22656	113601.44910
7.24609	112756.33124
7.26562	111916.94830
7.28516	111081.36159
7.30469	110256.33460
7.32422	109435.89905
7.34375	108626.79176
7.36328	107817.26287
7.38281	107015.19630
7.40234	106229.12352
7.42188	105439.44087
7.44141	104657.03506
7.46094	103881.80454
7.48047	103107.89741
7.50000	102345.99159
7.51953	101589.08728
7.53906	100835.25694
7.55859	100090.31383
7.57812	99353.13233
7.59766	98618.79828
7.61719	97891.21662
7.63672	97168.38016
7.65625	96448.35755
7.67578	95736.00081
7.69531	95029.25865
7.71484	94329.99941
7.73438	93634.26512
7.75391	92943.04476
7.77344	92264.96021
7.79297	91590.08261
7.81250	90913.66587
7.83203	90248.39832
7.85156	89588.25039
7.87109	88928.39066
7.89062	88273.75731
7.91016	87624.29393
7.92969	86984.74570
7.94922	86349.12927
7.96875	85717.45167
7.98828	85083.95529
8.00781	84467.07791
8.02734	83846.17941
8.04688	83232.11757
8.06641	82624.76709
8.08594	82022.09552
8.10547	81420.22987
8.12500	80829.83100
8.14453	80238.12735
8.16406	79651.06656
8.18359	79067.64057
8.20312	78493.59678
8.22266	77922.95509
8.24219	77355.72581
8.26172	76793.83154
8.28125	76235.28211
8.30078	75682.00020
8.32031	75136.79367
8.33984	74587.97546
8.35938	74042.52729
8.37891	73503.31117
8.39844	72971.16529
8.41797	72441.14684
8.43750	71917.13830
8.45703	71395.19545
8.47656	70878.24034
8.49609	70362.36315
8.51562	69850.51680
8.53516	69346.49652
8.55469	68846.28338
8.57422	68350.81438
8.59375	67853.31303
8.61328	67364.52363
8.63281	66878.46613
8.65234	66398.03104
8.67188	65916.40259
8.69141	65440.45256
8.71094	64969.10889
8.73047	64498.46666
8.75000	64029.56389
8.76953	63572.02749
8.78906	63114.97694
8.80859	62660.42734
8.82812	62212.22691
8.84766	61760.64494
8.86719	61320.30387
8.88672	60883.19945
8.90625	60446.44293
8.92578	60014.92380
8.94531	59585.66513
8.96484	59157.72294
8.98438	58731.14294
9.00391	58308.84154
9.02344	57887.86611
9.04297	57470.17383
9.06250	57056.68574
9.08203	56647.33099
9.10156	56248.76232
9.12109	55842.44216
9.14062	55443.15736
9.16016	55046.88560
9.17969	54652.64443
9.19922	54263.32440
9.21875	53872.11114
9.23828	53487.79799
9.25781	53111.16518
9.27734	52730.50269
9.29688	52350.85357
9.31641	51975.13337
9.33594	51605.18766
9.35547	51237.04181
9.37500	50869.75419
9.39453	50505.29162
9.41406	50146.50260
9.43359	49793.25353
9.45312	49437.74782
9.47266	49084.95441
9.49219	48738.68386
9.51172	48393.01233
9.53125	48046.08218
9.55078	47704.73153
9.57031	47365.94125
9.58984	47027.77219
9.60938	46696.03226
9.62891	46362.87667
9.64844	46043.78942
9.66797	45713.37236
9.68750	45390.37083
9.70703	45069.76874
9.72656	44749.63003
9.74609	44431.92650
9.76562	44121.43084
9.78516	43810.26741
9.80469	43497.57930
9.82422	43183.48834
9.84375	42880.57560
9.86328	42576.96419
9.88281	42279.47244
9.90234	41979.30413
9.92188	41682.38911
9.94141	41383.86793
9.96094	41091.53740
9.98047	40804.26206
10.00000	40512.32540
10.01953	40226.52418
10.03906	39943.80448
10.05859	39662.19712
10.07812	39387.48365
10.09766	39109.87660
10.11719	38840.11086
10.13672	38563.56178
10.15625	38290.14585
10.17578	38025.55032
10.19531	37755.10946
10.21484	37492.54181
10.23438	37232.80694
10.25391	36971.06765
10.27344	36712.25957
10.29297	36462.08416
10.31250	36207.80633
10.33203	35953.48797
10.35156	35701.10162
10.37109	35450.62339
10.39062	35202.03193
10.41016	34956.26711
10.42969	34708.47729
10.44922	34465.50597
10.46875	34224.33936
10.48828	33982.08421
10.50781	33750.34640
10.52734	33519.18820
10.54688	33287.69785
10.56641	33053.06947
10.58594	32825.06594
10.60547	32597.72538
10.62500	32370.11830
10.64453	32144.22323
10.66406	31919.06148
10.68359	31696.56959
10.70312	31476.69208
10.72266	31257.45996
10.74219	31040.81714
10.76172	30827.67325
10.78125	30615.06934
10.80078	30403.03796
10.82031	30195.44412
10.83984	29985.45243
10.85938	29777.04101
10.87891	29567.31212
10.89844	29359.23251
10.91797	29159.49130
10.93750	28958.22300
10.95703	28756.49869
10.97656	28554.37852
10.99609	28358.63150
11.01562	28166.17923
11.03516	27967.35414
11.05469	27776.83478
11.07422	27586.66793
11.09375	27396.89047
11.11328	27211.37092
11.13281	27023.27698
11.15234	26839.46810
11.17188	26656.94407
11.19141	26472.82348
11.21094	26295.84383
11.23047	26115.22212
11.25000	25931.14229
11.26953	25755.27940
11.28906	25575.83910
11.30859	25398.75359
11.32812	25226.84389
11.34766	25051.31754
11.36719	24880.02785
11.38672	24713.80801
11.40625	24545.79432
11.42578	24373.22189
11.44531	24209.72822
11.46484	24044.44593
11.48438	23881.32446
11.50391	23720.31920
11.52344	23551.79379
11.54297	23390.45529
11.56250	23227.41739
11.58203	23064.69554
11.60156	22907.10145
11.62109	22751.59327
11.64062	22593.33397
11.66016	22444.93719
11.67969	22289.75536
11.69922	22138.64369
11.71875	21986.68016
11.73828	21834.89022
11.75781	21682.33603
11.77734	21536.74833
11.79688	21386.37926
11.81641	21241.03965
11.83594	21103.44582
11.85547	20957.03617
11.87500	20815.61931
11.89453	20678.07238
11.91406	20537.56994
11.93359	20401.93696
11.95312	20266.22419
11.97266	20135.27101
11.99219	19999.34089
12.01172	19865.37578
12.03125	19730.44798
12.05078	19595.57932
12.07031	19461.74892
12.08984	19327.01987
12.10938	19204.88147
12.12891	19072.82100
12.14844	18942.76867
12.16797	18814.66651
12.18750	18687.50493
12.20703	18556.47659
12.22656	18435.18218
12.24609	18312.72214
12.26562	18193.97699
12.28516	18070.20510
12.30469	17947.38493
12.32422	17830.29735
12.34375	17712.03577
12.36328	17591.71823
12.38281	17477.12319
12.40234	17359.42307
12.42188	17242.60290
12.44141	17127.60988
12.46094	17013.43857
12.48047	16899.12353
12.50000	16785.65354
12.51953	16672.05903
12.53906	16562.20437
12.55859	16453.09317
12.57812	16342.80726
12.59766	16231.41602
12.61719	16122.81812
12.63672	16013.08806
12.65625	15910.92592
12.67578	15800.71837
12.69531	15693.35169
12.71484	15583.93200
12.73438	15481.18767
12.75391	15375.28864
12.77344	15275.01551
12.79297	15176.34015
12.81250	15076.35633
12.83203	14974.18304
12.85156	14877.59986
12.87109	14781.61883
12.89062	14687.20738
12.91016	14589.53750
12.92969	14488.75635
12.94922	14393.62892
12.96875	14295.31784
12.98828	14201.63896
13.00781	14114.35330
13.02734	14019.81703
13.04688	13927.92999
13.06641	13833.80927
13.08594	13740.43453
13.10547	13647.78927
13.12500	13560.65773
13.14453	13468.29716
13.16406	13373.80591
13.18359	13286.86686
13.20312	13198.57119
13.22266	13108.99456
13.24219	13022.04028
13.26172	12938.58465
13.28125	12852.76164
13.30078	12764.68458
13.32031	12680.20941
13.33984	12595.37433
13.35938	12513.09004
13.37891	12432.31927
13.39844	12352.06854
13.41797	12268.50319
13.43750	12194.24041
13.45703	12111.67701
13.47656	12029.78833
13.49609	11951.43439
13.51562	11880.33360
13.53516	11799.92706
13.55469	11724.98598
13.57422	11646.67863
13.59375	11568.98755
13.61328	11496.69700
13.63281	11422.90329
13.65234	11350.56562
13.67188	11273.89051
13.69141	11200.73258
13.71094	11125.21041
13.73047	11056.06223
13.75000	10987.30491
13.76953	10917.03054
13.78906	10849.15561
13.80859	10778.80959
13.82812	10708.98207
13.84766	10638.70522
13.86719	10567.04748
13.88672	10500.78589
13.90625	10433.01136
13.92578	10364.75970
13.94531	10298.94057
13.96484	10229.71814
13.98438	10162.03143
14.00391	10095.82915
14.02344	10035.86499
14.04297	9972.32856
14.06250	9909.21847
14.08203	9843.65467
14.10156	9779.57926
14.12109	9716.94345
14.14062	9656.66463
14.16016	9594.83199
14.17969	9534.39988
14.19922	9471.49029
14.21875	9411.00628
14.23828	9347.10735
14.25781	9286.64820
14.27734	9223.74701
14.29688	9170.02064
14.31641	9117.46141
14.33594	9064.13857
14.35547	9003.39130
14.37500	8948.94676
14.39453	8891.93584
14.41406	8836.30858
14.43359	8780.10313
14.45312	8724.31184
14.47266	8667.96869
14.49219	8614.94163
14.51172	8560.31854
14.53125	8504.17393
14.55078	8451.37051
14.57031	8403.70982
14.58984	8353.34157
14.60938	8296.55321
14.62891	8240.31056
14.64844	8186.50707
14.66797	8133.13287
14.68750	8086.89648
14.70703	8033.15085
14.72656	7981.79339
14.74609	7931.77789
14.76562	7884.02380
14.78516	7831.74311
14.80469	7776.07723
14.82422	7726.74661
14.84375	7679.67395
14.86328	7632.87091
14.88281	7591.14346
14.90234	7541.84703
14.92188	7499.67993
14.94141	7451.90838
14.96094	7407.39650
14.98047	7365.06877
15.00000	7319.10118
15.01953	7275.40200
15.03906	7239.65094
15.05859	7197.17561
15.07812	7152.09307
15.09766	7114.10228
15.11719	7072.38908
15.13672	7029.03046
15.15625	6989.85167
15.17578	6945.10658
15.19531	6901.73068
15.21484	6863.50916
15.23438	6820.66049
15.25391	6779.12887
15.27344	6736.94828
15.29297	6695.10773
15.31250	6654.55792
15.33203	6608.53894
15.35156	6570.69279
15.37109	6533.03558
15.39062	6496.53772
15.41016	6457.33330
15.42969	6417.45609
15.44922	6377.89562
15.46875	6338.64373
15.48828	6303.53209
15.50781	6265.69773
15.52734	6231.01448
15.54688	6192.65628
15.56641	6155.57010
15.58594	6114.91330
15.60547	6073.70092
15.62500	6039.62526
15.64453	6003.78495
15.66406	5969.14089
15.68359	5931.82010
15.70312	5908.24515
15.72266	5875.84583
15.74219	5840.74419
15.76172	5805.92592
15.78125	5774.25974
15.80078	5739.87517
15.82031	5701.92350
15.83984	5673.01180
15.85938	5640.32765
15.87891	5606.90834
15.89844	5577.58467
15.91797	5543.57409
15.93750	5507.94165
15.95703	5481.30128
15.97656	5450.84564
15.99609	5415.77748
16.01562	5382.03022
16.03516	5351.46828
16.05469	5322.05582
16.07422	5288.96223
16.09375	5260.00981
16.11328	5226.40963
16.13281	5197.93901
16.15234	5164.81087
16.17188	5130.08645
16.19141	5095.73980
16.21094	5065.58899
16.23047	5034.67926
16.25000	5009.76528
16.26953	4981.99749
16.28906	4955.34077
16.30859	4924.00656
16.32812	4895.85400
16.34766	4867.88456
16.36719	4844.89697
16.38672	4817.12025
16.40625	4796.26502
16.42578	4766.72793
16.44531	4744.20274
16.46484	4714.99296
16.48438	4685.11660
16.50391	4657.47091
16.52344	4628.13044
16.54297	4602.91717
16.56250	4577.83964
16.58203	4557.70143
16.60156	4530.81605
16.62109	4504.16865
16.64062	4481.58718
16.66016	4455.24658
16.67969	4433.93308
16.69922	4417.46288
16.71875	4388.40136
16.73828	4363.54734
16.75781	4336.97443
16.77734	4308.74655
16.79688	4288.51665
16.81641	4267.34948
16.83594	4246.25694
16.85547	4219.49018
16.87500	4201.66024
16.89453	4182.83710
16.91406	4163.07751
16.93359	4145.30807
16.95312	4120.82844
16.97266	4096.61398
16.99219	4070.72755
17.01172	4045.14441
17.03125	4022.72409
17.05078	3999.50747
17.07031	3978.40764
17.08984	3956.47036
17.10938	3932.77440
17.12891	3910.26662
17.14844	3886.02317
17.16797	3862.98866
17.18750	3841.11617
17.20703	3820.36492
17.22656	3803.57777
17.24609	3783.90023
17.26562	3761.45534
17.28516	3738.26899
17.30469	3713.40570
17.32422	3689.80151
17.34375	3668.36257
17.36328	3646.12900
17.38281	3625.05378
17.40234	3604.13653
17.42188	3585.29549
17.44141	3571.33828
17.46094	3550.58139
17.48047	3530.97195
17.50000	3513.42594
17.51953	3493.07275
17.53906	3474.82151
17.55859	3457.63505
17.57812	3440.52096
17.59766	3420.60594
17.61719	3400.87805
17.63672	3378.44950
17.65625	3362.05468
17.67578	3348.58686
17.69531	3332.19338
17.71484	3311.07951
17.73438	3291.18084
17.75391	3271.48483
17.77344	3250.06225
17.79297	3233.69209
17.81250	3216.42667
17.83203	3201.18782
17.85156	3191.74579
17.87109	3172.54609
17.89062	3152.60662
17.91016	3140.58303
17.92969	3126.58322
17.94922	3105.89888
17.96875	3090.29746
17.98828	3074.78317
18.00781	3057.43934
18.02734	3041.21639
18.04688	3027.03195
18.06641	3006.17783
18.08594	2984.66312
18.10547	2967.29722
18.12500	2951.03850
18.14453	2937.76893
18.16406	2926.42551
18.18359	2912.15311
18.20312	2894.11506
18.22266	2878.21081
18.24219	2863.39615
18.26172	2845.79428
18.28125	2833.18826
18.30078	2818.67431
18.32031	2803.29311
18.33984	2788.99911
18.35938	2777.67266
18.37891	2767.29047
18.39844	2751.11308
18.41797	2734.16247
18.43750	2722.21807
18.45703	2703.57523
18.47656	2690.00318
18.49609	2680.34559
18.51562	2663.90985
18.53516	2646.71675
18.55469	2631.66569
18.57422	2618.67132
18.59375	2608.61907
18.61328	2593.73143
18.63281	2588.59290
18.65234	2570.77400
18.67188	2558.03673
18.69141	2547.30116
18.71094	2535.61873
18.73047	2528.79021
18.75000	2514.16798
18.76953	2495.89244
18.78906	2484.64421
18.80859	2472.47357
18.82812	2456.54309
18.84766	2443.71043
18.86719	2433.85444
18.88672	2423.03096
18.90625	2412.24585
18.92578	2400.54397
18.94531	2388.92344
18.96484	2381.22143
18.98438	2368.66052
19.00391	2360.06769
19.02344	2348.57753
19.04297	2333.34537
19.06250	2319.30483
19.08203	2318.87635
19.10156	2308.52803
19.12109	2297.29395
19.14062	2282.32671
19.16016	2268.55796
19.17969	2260.72965
19.19922	2250.94240
19.21875	2235.44182
19.23828	2224.99607
19.25781	2214.60959
19.27734	2204.28493
19.29688	2192.10438
19.31641	2182.93693
19.33594	2170.91232
19.35547	2160.93967
19.37500	2150.06250
19.39453	2139.27739
19.41406	2128.58157
19.43359	2119.89197
19.45312	2112.17705
19.47266	2104.44866
19.49219	2094.79653
19.51172	2080.41883
19.53125	2070.12451
19.55078	2068.54954
19.57031	2056.18561
19.58984	2048.80675
19.60938	2037.58435
19.62891	2028.42328
19.64844	2019.32364
19.66797	2006.44677
19.68750	1994.73026
19.70703	1983.16273
19.72656	1974.61372
19.74609	1967.05133
19.76562	1956.60781
19.78516	1949.15394
19.80469	1949.37692
19.82422	1934.93325
19.84375	1920.78025
19.86328	1910.72545
19.88281	1899.80702
19.90234	1892.85531
19.92188	1887.80449
19.94141	1878.83747
19.96094	1871.86803
19.98047	1862.98412
