0.000000E+00	0.470568E+09
0.125490E-02	0.470132E+09
0.250980E-02	0.468886E+09
0.376471E-02	0.466830E+09
0.501961E-02	0.463971E+09
0.627451E-02	0.460337E+09
0.752941E-02	0.455929E+09
0.878431E-02	0.450786E+09
0.100392E-01	0.444929E+09
0.112941E-01	0.438377E+09
0.125490E-01	0.431177E+09
0.138039E-01	0.423364E+09
0.150588E-01	0.414973E+09
0.163137E-01	0.405977E+09
0.175686E-01	0.396498E+09
0.188235E-01	0.386575E+09
0.200784E-01	0.376253E+09
0.213333E-01	0.365581E+09
0.225882E-01	0.354607E+09
0.238431E-01	0.343378E+09
0.250980E-01	0.331945E+09
0.263529E-01	0.320351E+09
0.276078E-01	0.308647E+09
0.288627E-01	0.296875E+09
0.301176E-01	0.285080E+09
0.313725E-01	0.273284E+09
0.326275E-01	0.261551E+09
0.338824E-01	0.249921E+09
0.351373E-01	0.238429E+09
0.363922E-01	0.227111E+09
0.376471E-01	0.215997E+09
0.389020E-01	0.205116E+09
0.401569E-01	0.194494E+09
0.414118E-01	0.184156E+09
0.426667E-01	0.174121E+09
0.439216E-01	0.164407E+09
0.451765E-01	0.155026E+09
0.464314E-01	0.145973E+09
0.476863E-01	0.137280E+09
0.489412E-01	0.128956E+09
0.501961E-01	0.121005E+09
0.514510E-01	0.113428E+09
0.527059E-01	0.106226E+09
0.539608E-01	0.993972E+08
0.552157E-01	0.929368E+08
0.564706E-01	0.868401E+08
0.577255E-01	0.810994E+08
0.589804E-01	0.757060E+08
0.602353E-01	0.706482E+08
0.614902E-01	0.659082E+08
0.627451E-01	0.614849E+08
0.640000E-01	0.573656E+08
0.652549E-01	0.535371E+08
0.665098E-01	0.499857E+08
0.677647E-01	0.466979E+08
0.690196E-01	0.436590E+08
0.702745E-01	0.408552E+08
0.715294E-01	0.382722E+08
0.727843E-01	0.358963E+08
0.740392E-01	0.337135E+08
0.752941E-01	0.317079E+08
0.765490E-01	0.298616E+08
0.778039E-01	0.281706E+08
0.790588E-01	0.266226E+08
0.803137E-01	0.252058E+08
0.815686E-01	0.239093E+08
0.828235E-01	0.227223E+08
0.840784E-01	0.216348E+08
0.853333E-01	0.206376E+08
0.865882E-01	0.197218E+08
0.878431E-01	0.188792E+08
0.890980E-01	0.181024E+08
0.903529E-01	0.173828E+08
0.916078E-01	0.167123E+08
0.928627E-01	0.160883E+08
0.941176E-01	0.155055E+08
0.953725E-01	0.149589E+08
0.966275E-01	0.144441E+08
0.978824E-01	0.139570E+08
0.991373E-01	0.134939E+08
0.100392E+00	0.130519E+08
0.101647E+00	0.126279E+08
0.102902E+00	0.122195E+08
0.104157E+00	0.118245E+08
0.105412E+00	0.114399E+08
0.106667E+00	0.110634E+08
0.107922E+00	0.106955E+08
0.109176E+00	0.103353E+08
0.110431E+00	0.998170E+07
0.111686E+00	0.963406E+07
0.112941E+00	0.929180E+07
0.114196E+00	0.895449E+07
0.115451E+00	0.862182E+07
0.116706E+00	0.829368E+07
0.117961E+00	0.796998E+07
0.119216E+00	0.765080E+07
0.120471E+00	0.733545E+07
0.121725E+00	0.702368E+07
0.122980E+00	0.671717E+07
0.124235E+00	0.641623E+07
0.125490E+00	0.612123E+07
0.126745E+00	0.583251E+07
0.128000E+00	0.555050E+07
0.129255E+00	0.527562E+07
0.130510E+00	0.500826E+07
0.131765E+00	0.474887E+07
0.133020E+00	0.449787E+07
0.134275E+00	0.425563E+07
0.135529E+00	0.402229E+07
0.136784E+00	0.379813E+07
0.138039E+00	0.358385E+07
0.139294E+00	0.337972E+07
0.140549E+00	0.318594E+07
0.141804E+00	0.300272E+07
0.143059E+00	0.283023E+07
0.144314E+00	0.266853E+07
0.145569E+00	0.251769E+07
0.146824E+00	0.237766E+07
0.148078E+00	0.224844E+07
0.149333E+00	0.212987E+07
0.150588E+00	0.202216E+07
0.151843E+00	0.192515E+07
0.153098E+00	0.183803E+07
0.154353E+00	0.176049E+07
0.155608E+00	0.169222E+07
0.156863E+00	0.163278E+07
0.158118E+00	0.158177E+07
0.159373E+00	0.153858E+07
0.160627E+00	0.150286E+07
0.161882E+00	0.147394E+07
0.163137E+00	0.145130E+07
0.164392E+00	0.143435E+07
0.165647E+00	0.142334E+07
0.166902E+00	0.141757E+07
0.168157E+00	0.141564E+07
0.169412E+00	0.141695E+07
0.170667E+00	0.142090E+07
0.171922E+00	0.142692E+07
0.173176E+00	0.143448E+07
0.174431E+00	0.144301E+07
0.175686E+00	0.145201E+07
0.176941E+00	0.146098E+07
0.178196E+00	0.146950E+07
0.179451E+00	0.147721E+07
0.180706E+00	0.148552E+07
0.181961E+00	0.149374E+07
0.183216E+00	0.150019E+07
0.184471E+00	0.150460E+07
0.185725E+00	0.150682E+07
0.186980E+00	0.150667E+07
0.188235E+00	0.150409E+07
0.189490E+00	0.149901E+07
0.190745E+00	0.149142E+07
0.192000E+00	0.148134E+07
0.193255E+00	0.146888E+07
0.194510E+00	0.145409E+07
0.195765E+00	0.143927E+07
0.197020E+00	0.142376E+07
0.198275E+00	0.140640E+07
0.199529E+00	0.138731E+07
0.200784E+00	0.136681E+07
0.202039E+00	0.134512E+07
0.203294E+00	0.132243E+07
0.204549E+00	0.129908E+07
0.205804E+00	0.127528E+07
0.207059E+00	0.125125E+07
0.208314E+00	0.122733E+07
0.209569E+00	0.120371E+07
0.210824E+00	0.118188E+07
0.212078E+00	0.116136E+07
0.213333E+00	0.114169E+07
0.214588E+00	0.112302E+07
0.215843E+00	0.110548E+07
0.217098E+00	0.108922E+07
0.218353E+00	0.107431E+07
0.219608E+00	0.106083E+07
0.220863E+00	0.104883E+07
0.222118E+00	0.103831E+07
0.223373E+00	0.102927E+07
0.224627E+00	0.102169E+07
0.225882E+00	0.101636E+07
0.227137E+00	0.101271E+07
0.228392E+00	0.101026E+07
0.229647E+00	0.100892E+07
0.230902E+00	0.100856E+07
0.232157E+00	0.100906E+07
0.233412E+00	0.101027E+07
0.234667E+00	0.101207E+07
0.235922E+00	0.101433E+07
0.237176E+00	0.101686E+07
0.238431E+00	0.101954E+07
0.239686E+00	0.102224E+07
0.240941E+00	0.102473E+07
0.242196E+00	0.102693E+07
0.243451E+00	0.102882E+07
0.244706E+00	0.103029E+07
0.245961E+00	0.103123E+07
0.247216E+00	0.103160E+07
0.248471E+00	0.103135E+07
0.249725E+00	0.103047E+07
0.250980E+00	0.102892E+07
0.252235E+00	0.102668E+07
0.253490E+00	0.102379E+07
0.254745E+00	0.102027E+07
0.256000E+00	0.101484E+07
0.257255E+00	0.100857E+07
0.258510E+00	0.100181E+07
0.259765E+00	0.994659E+06
0.261020E+00	0.987198E+06
0.262275E+00	0.979496E+06
0.263529E+00	0.971642E+06
0.264784E+00	0.963687E+06
0.266039E+00	0.955735E+06
0.267294E+00	0.947857E+06
0.268549E+00	0.940120E+06
0.269804E+00	0.932575E+06
0.271059E+00	0.924110E+06
0.272314E+00	0.915757E+06
0.273569E+00	0.907785E+06
0.274824E+00	0.900217E+06
0.276078E+00	0.893065E+06
0.277333E+00	0.886351E+06
0.278588E+00	0.880069E+06
0.279843E+00	0.874204E+06
0.281098E+00	0.868731E+06
0.282353E+00	0.863657E+06
0.283608E+00	0.858914E+06
0.284863E+00	0.854474E+06
0.286118E+00	0.849922E+06
0.287373E+00	0.845531E+06
0.288627E+00	0.841295E+06
0.289882E+00	0.837161E+06
0.291137E+00	0.833067E+06
0.292392E+00	0.828947E+06
0.293647E+00	0.824759E+06
0.294902E+00	0.820436E+06
0.296157E+00	0.815931E+06
0.297412E+00	0.811197E+06
0.298667E+00	0.806209E+06
0.299922E+00	0.800908E+06
0.301176E+00	0.795085E+06
0.302431E+00	0.788880E+06
0.303686E+00	0.782304E+06
0.304941E+00	0.775348E+06
0.306196E+00	0.768004E+06
0.307451E+00	0.760277E+06
0.308706E+00	0.752179E+06
0.309961E+00	0.743718E+06
0.311216E+00	0.734909E+06
0.312471E+00	0.725779E+06
0.313725E+00	0.716352E+06
0.314980E+00	0.706670E+06
0.316235E+00	0.696521E+06
0.317490E+00	0.686187E+06
0.318745E+00	0.675702E+06
0.320000E+00	0.665102E+06