0.000000E+00	0.293944E+09
0.125490E-02	0.293725E+09
0.250980E-02	0.293100E+09
0.376471E-02	0.292068E+09
0.501961E-02	0.290635E+09
0.627451E-02	0.288805E+09
0.752941E-02	0.286591E+09
0.878431E-02	0.283995E+09
0.100392E-01	0.281039E+09
0.112941E-01	0.277712E+09
0.125490E-01	0.274048E+09
0.138039E-01	0.270060E+09
0.150588E-01	0.265751E+09
0.163137E-01	0.261112E+09
0.175686E-01	0.256193E+09
0.188235E-01	0.251017E+09
0.200784E-01	0.245606E+09
0.213333E-01	0.239977E+09
0.225882E-01	0.234149E+09
0.238431E-01	0.228147E+09
0.250980E-01	0.221991E+09
0.263529E-01	0.215701E+09
0.276078E-01	0.209300E+09
0.288627E-01	0.202809E+09
0.301176E-01	0.196247E+09
0.313725E-01	0.189622E+09
0.326275E-01	0.182970E+09
0.338824E-01	0.176311E+09
0.351373E-01	0.169665E+09
0.363922E-01	0.163049E+09
0.376471E-01	0.156481E+09
0.389020E-01	0.149978E+09
0.401569E-01	0.143556E+09
0.414118E-01	0.137230E+09
0.426667E-01	0.131014E+09
0.439216E-01	0.124920E+09
0.451765E-01	0.118957E+09
0.464314E-01	0.113124E+09
0.476863E-01	0.107446E+09
0.489412E-01	0.101933E+09
0.501961E-01	0.965910E+08
0.514510E-01	0.914267E+08
0.527059E-01	0.864450E+08
0.539608E-01	0.816497E+08
0.552157E-01	0.770436E+08
0.564706E-01	0.726287E+08
0.577255E-01	0.684059E+08
0.589804E-01	0.643753E+08
0.602353E-01	0.605340E+08
0.614902E-01	0.568745E+08
0.627451E-01	0.534036E+08
0.640000E-01	0.501180E+08
0.652549E-01	0.470141E+08
0.665098E-01	0.440874E+08
0.677647E-01	0.413333E+08
0.690196E-01	0.387465E+08
0.702745E-01	0.363213E+08
0.715294E-01	0.340519E+08
0.727843E-01	0.319321E+08
0.740392E-01	0.299554E+08
0.752941E-01	0.281131E+08
0.765490E-01	0.263942E+08
0.778039E-01	0.247996E+08
0.790588E-01	0.233226E+08
0.803137E-01	0.219562E+08
0.815686E-01	0.206939E+08
0.828235E-01	0.195289E+08
0.840784E-01	0.184550E+08
0.853333E-01	0.174657E+08
0.865882E-01	0.165550E+08
0.878431E-01	0.157170E+08
0.890980E-01	0.149460E+08
0.903529E-01	0.142356E+08
0.916078E-01	0.135791E+08
0.928627E-01	0.129745E+08
0.941176E-01	0.124171E+08
0.953725E-01	0.119024E+08
0.966275E-01	0.114265E+08
0.978824E-01	0.109854E+08
0.991373E-01	0.105754E+08
0.100392E+00	0.101934E+08
0.101647E+00	0.983628E+07
0.102902E+00	0.950113E+07
0.104157E+00	0.918543E+07
0.105412E+00	0.888602E+07
0.106667E+00	0.860003E+07
0.107922E+00	0.832726E+07
0.109176E+00	0.806596E+07
0.110431E+00	0.781461E+07
0.111686E+00	0.757186E+07
0.112941E+00	0.733653E+07
0.114196E+00	0.710757E+07
0.115451E+00	0.688413E+07
0.116706E+00	0.666546E+07
0.117961E+00	0.645091E+07
0.119216E+00	0.624001E+07
0.120471E+00	0.603166E+07
0.121725E+00	0.582520E+07
0.122980E+00	0.562155E+07
0.124235E+00	0.542054E+07
0.125490E+00	0.522211E+07
0.126745E+00	0.502626E+07
0.128000E+00	0.483299E+07
0.129255E+00	0.464240E+07
0.130510E+00	0.445463E+07
0.131765E+00	0.426982E+07
0.133020E+00	0.408816E+07
0.134275E+00	0.390987E+07
0.135529E+00	0.373495E+07
0.136784E+00	0.356358E+07
0.138039E+00	0.339631E+07
0.139294E+00	0.323338E+07
0.140549E+00	0.307505E+07
0.141804E+00	0.292153E+07
0.143059E+00	0.277306E+07
0.144314E+00	0.262983E+07
0.145569E+00	0.249205E+07
0.146824E+00	0.235991E+07
0.148078E+00	0.223353E+07
0.149333E+00	0.211307E+07
0.150588E+00	0.199900E+07
0.151843E+00	0.189138E+07
0.153098E+00	0.178981E+07
0.154353E+00	0.169432E+07
0.155608E+00	0.160491E+07
0.156863E+00	0.152152E+07
0.158118E+00	0.144412E+07
0.159373E+00	0.137261E+07
0.160627E+00	0.130687E+07
0.161882E+00	0.124674E+07
0.163137E+00	0.119205E+07
0.164392E+00	0.114261E+07
0.165647E+00	0.109893E+07
0.166902E+00	0.106064E+07
0.168157E+00	0.102678E+07
0.169412E+00	0.997124E+06
0.170667E+00	0.971393E+06
0.171922E+00	0.949311E+06
0.173176E+00	0.930560E+06
0.174431E+00	0.914881E+06
0.175686E+00	0.901966E+06
0.176941E+00	0.891529E+06
0.178196E+00	0.883260E+06
0.179451E+00	0.876873E+06
0.180706E+00	0.873203E+06
0.181961E+00	0.871696E+06
0.183216E+00	0.871228E+06
0.184471E+00	0.871579E+06
0.185725E+00	0.872498E+06
0.186980E+00	0.873781E+06
0.188235E+00	0.875238E+06
0.189490E+00	0.876688E+06
0.190745E+00	0.877977E+06
0.192000E+00	0.878949E+06
0.193255E+00	0.879497E+06
0.194510E+00	0.879496E+06
0.195765E+00	0.880127E+06
0.197020E+00	0.880854E+06
0.198275E+00	0.880828E+06
0.199529E+00	0.880002E+06
0.200784E+00	0.878367E+06
0.202039E+00	0.875924E+06
0.203294E+00	0.872682E+06
0.204549E+00	0.868660E+06
0.205804E+00	0.863889E+06
0.207059E+00	0.858426E+06
0.208314E+00	0.852332E+06
0.209569E+00	0.845656E+06
0.210824E+00	0.839346E+06
0.212078E+00	0.833027E+06
0.213333E+00	0.826338E+06
0.214588E+00	0.819330E+06
0.215843E+00	0.812091E+06
0.217098E+00	0.804688E+06
0.218353E+00	0.797213E+06
0.219608E+00	0.789735E+06
0.220863E+00	0.782329E+06
0.222118E+00	0.775048E+06
0.223373E+00	0.767962E+06
0.224627E+00	0.761125E+06
0.225882E+00	0.755213E+06
0.227137E+00	0.749888E+06
0.228392E+00	0.744922E+06
0.229647E+00	0.740337E+06
0.230902E+00	0.736148E+06
0.232157E+00	0.732382E+06
0.233412E+00	0.729054E+06
0.234667E+00	0.726170E+06
0.235922E+00	0.723715E+06
0.237176E+00	0.721691E+06
0.238431E+00	0.720094E+06
0.239686E+00	0.718878E+06
0.240941E+00	0.717974E+06
0.242196E+00	0.717427E+06
0.243451E+00	0.717203E+06
0.244706E+00	0.717301E+06
0.245961E+00	0.717674E+06
0.247216E+00	0.718316E+06
0.248471E+00	0.719193E+06
0.249725E+00	0.720262E+06
0.250980E+00	0.721506E+06
0.252235E+00	0.722900E+06
0.253490E+00	0.724425E+06
0.254745E+00	0.726056E+06
0.256000E+00	0.726861E+06
0.257255E+00	0.727503E+06
0.258510E+00	0.728195E+06
0.259765E+00	0.728927E+06
0.261020E+00	0.729689E+06
0.262275E+00	0.730445E+06
0.263529E+00	0.731209E+06
0.264784E+00	0.731971E+06
0.266039E+00	0.732698E+06
0.267294E+00	0.733395E+06
0.268549E+00	0.734052E+06
0.269804E+00	0.734667E+06
0.271059E+00	0.734318E+06
0.272314E+00	0.733749E+06
0.273569E+00	0.733121E+06
0.274824E+00	0.732412E+06
0.276078E+00	0.731619E+06
0.277333E+00	0.730726E+06
0.278588E+00	0.729704E+06
0.279843E+00	0.728557E+06
0.281098E+00	0.727274E+06
0.282353E+00	0.725812E+06
0.283608E+00	0.724183E+06
0.284863E+00	0.722361E+06
0.286118E+00	0.720028E+06
0.287373E+00	0.717415E+06
0.288627E+00	0.714561E+06
0.289882E+00	0.711436E+06
0.291137E+00	0.708021E+06
0.292392E+00	0.704308E+06
0.293647E+00	0.700265E+06
0.294902E+00	0.695890E+06
0.296157E+00	0.691176E+06
0.297412E+00	0.686092E+06
0.298667E+00	0.680647E+06
0.299922E+00	0.674830E+06
0.301176E+00	0.668482E+06
0.302431E+00	0.661742E+06
0.303686E+00	0.654640E+06
0.304941E+00	0.647156E+06
0.306196E+00	0.639323E+06
0.307451E+00	0.631138E+06
0.308706E+00	0.622622E+06
0.309961E+00	0.613784E+06
0.311216E+00	0.604653E+06
0.312471E+00	0.595246E+06
0.313725E+00	0.585577E+06
0.314980E+00	0.575673E+06
0.316235E+00	0.565383E+06
0.317490E+00	0.554908E+06
0.318745E+00	0.544291E+06
0.320000E+00	0.533549E+06