0.000000E+00	0.469497E+09
0.125490E-02	0.469057E+09
0.250980E-02	0.467796E+09
0.376471E-02	0.465715E+09
0.501961E-02	0.462824E+09
0.627451E-02	0.459139E+09
0.752941E-02	0.454686E+09
0.878431E-02	0.449482E+09
0.100392E-01	0.443547E+09
0.112941E-01	0.436929E+09
0.125490E-01	0.429652E+09
0.138039E-01	0.421746E+09
0.150588E-01	0.413262E+09
0.163137E-01	0.404173E+09
0.175686E-01	0.394600E+09
0.188235E-01	0.384577E+09
0.200784E-01	0.374158E+09
0.213333E-01	0.363389E+09
0.225882E-01	0.352317E+09
0.238431E-01	0.340996E+09
0.250980E-01	0.329471E+09
0.263529E-01	0.317793E+09
0.276078E-01	0.306008E+09
0.288627E-01	0.294164E+09
0.301176E-01	0.282303E+09
0.313725E-01	0.270448E+09
0.326275E-01	0.258665E+09
0.338824E-01	0.246995E+09
0.351373E-01	0.235473E+09
0.363922E-01	0.224133E+09
0.376471E-01	0.213008E+09
0.389020E-01	0.202127E+09
0.401569E-01	0.191516E+09
0.414118E-01	0.181199E+09
0.426667E-01	0.171195E+09
0.439216E-01	0.161524E+09
0.451765E-01	0.152195E+09
0.464314E-01	0.143203E+09
0.476863E-01	0.134583E+09
0.489412E-01	0.126339E+09
0.501961E-01	0.118476E+09
0.514510E-01	0.110994E+09
0.527059E-01	0.103895E+09
0.539608E-01	0.971746E+08
0.552157E-01	0.908281E+08
0.564706E-01	0.848491E+08
0.577255E-01	0.792302E+08
0.589804E-01	0.739614E+08
0.602353E-01	0.690297E+08
0.614902E-01	0.644170E+08
0.627451E-01	0.601213E+08
0.640000E-01	0.561289E+08
0.652549E-01	0.524255E+08
0.665098E-01	0.489971E+08
0.677647E-01	0.458290E+08
0.690196E-01	0.429064E+08
0.702745E-01	0.402143E+08
0.715294E-01	0.377383E+08
0.727843E-01	0.354639E+08
0.740392E-01	0.333770E+08
0.752941E-01	0.314611E+08
0.765490E-01	0.296980E+08
0.778039E-01	0.280836E+08
0.790588E-01	0.266053E+08
0.803137E-01	0.252513E+08
0.815686E-01	0.240105E+08
0.828235E-01	0.228724E+08
0.840784E-01	0.218272E+08
0.853333E-01	0.208655E+08
0.865882E-01	0.199788E+08
0.878431E-01	0.191594E+08
0.890980E-01	0.183997E+08
0.903529E-01	0.176920E+08
0.916078E-01	0.170282E+08
0.928627E-01	0.164063E+08
0.941176E-01	0.158214E+08
0.953725E-01	0.152689E+08
0.966275E-01	0.147448E+08
0.978824E-01	0.142457E+08
0.991373E-01	0.137682E+08
0.100392E+00	0.133098E+08
0.101647E+00	0.128679E+08
0.102902E+00	0.124405E+08
0.104157E+00	0.120259E+08
0.105412E+00	0.116214E+08
0.106667E+00	0.112248E+08
0.107922E+00	0.108373E+08
0.109176E+00	0.104581E+08
0.110431E+00	0.100864E+08
0.111686E+00	0.972168E+07
0.112941E+00	0.936364E+07
0.114196E+00	0.901195E+07
0.115451E+00	0.866645E+07
0.116706E+00	0.832707E+07
0.117961E+00	0.799378E+07
0.119216E+00	0.766664E+07
0.120471E+00	0.734496E+07
0.121725E+00	0.702850E+07
0.122980E+00	0.671885E+07
0.124235E+00	0.641619E+07
0.125490E+00	0.612081E+07
0.126745E+00	0.583296E+07
0.128000E+00	0.555295E+07
0.129255E+00	0.528100E+07
0.130510E+00	0.501740E+07
0.131765E+00	0.476241E+07
0.133020E+00	0.451633E+07
0.134275E+00	0.427939E+07
0.135529E+00	0.405157E+07
0.136784E+00	0.383304E+07
0.138039E+00	0.362428E+07
0.139294E+00	0.342550E+07
0.140549E+00	0.323684E+07
0.141804E+00	0.305834E+07
0.143059E+00	0.289010E+07
0.144314E+00	0.273213E+07
0.145569E+00	0.258441E+07
0.146824E+00	0.244687E+07
0.148078E+00	0.231946E+07
0.149333E+00	0.220204E+07
0.150588E+00	0.209483E+07
0.151843E+00	0.199760E+07
0.153098E+00	0.190962E+07
0.154353E+00	0.183060E+07
0.155608E+00	0.176024E+07
0.156863E+00	0.169814E+07
0.158118E+00	0.164393E+07
0.159373E+00	0.159719E+07
0.160627E+00	0.155745E+07
0.161882E+00	0.152423E+07
0.163137E+00	0.149702E+07
0.164392E+00	0.147529E+07
0.165647E+00	0.145940E+07
0.166902E+00	0.144875E+07
0.168157E+00	0.144192E+07
0.169412E+00	0.143836E+07
0.170667E+00	0.143759E+07
0.171922E+00	0.143904E+07
0.173176E+00	0.144218E+07
0.174431E+00	0.144656E+07
0.175686E+00	0.145166E+07
0.176941E+00	0.145707E+07
0.178196E+00	0.146238E+07
0.179451E+00	0.146716E+07
0.180706E+00	0.147292E+07
0.181961E+00	0.147897E+07
0.183216E+00	0.148357E+07
0.184471E+00	0.148653E+07
0.185725E+00	0.148760E+07
0.186980E+00	0.148669E+07
0.188235E+00	0.148360E+07
0.189490E+00	0.147835E+07
0.190745E+00	0.147083E+07
0.192000E+00	0.146113E+07
0.193255E+00	0.144925E+07
0.194510E+00	0.143525E+07
0.195765E+00	0.142140E+07
0.197020E+00	0.140698E+07
0.198275E+00	0.139084E+07
0.199529E+00	0.137313E+07
0.200784E+00	0.135405E+07
0.202039E+00	0.133387E+07
0.203294E+00	0.131278E+07
0.204549E+00	0.129101E+07
0.205804E+00	0.126882E+07
0.207059E+00	0.124641E+07
0.208314E+00	0.122409E+07
0.209569E+00	0.120204E+07
0.210824E+00	0.118174E+07
0.212078E+00	0.116274E+07
0.213333E+00	0.114453E+07
0.214588E+00	0.112727E+07
0.215843E+00	0.111112E+07
0.217098E+00	0.109617E+07
0.218353E+00	0.108255E+07
0.219608E+00	0.107034E+07
0.220863E+00	0.105954E+07
0.222118E+00	0.105021E+07
0.223373E+00	0.104231E+07
0.224627E+00	0.103581E+07
0.225882E+00	0.103158E+07
0.227137E+00	0.102898E+07
0.228392E+00	0.102758E+07
0.229647E+00	0.102727E+07
0.230902E+00	0.102791E+07
0.232157E+00	0.102938E+07
0.233412E+00	0.103154E+07
0.234667E+00	0.103424E+07
0.235922E+00	0.103734E+07
0.237176E+00	0.104070E+07
0.238431E+00	0.104416E+07
0.239686E+00	0.104757E+07
0.240941E+00	0.105070E+07
0.242196E+00	0.105349E+07
0.243451E+00	0.105586E+07
0.244706E+00	0.105772E+07
0.245961E+00	0.105897E+07
0.247216E+00	0.105954E+07
0.248471E+00	0.105939E+07
0.249725E+00	0.105846E+07
0.250980E+00	0.105673E+07
0.252235E+00	0.105419E+07
0.253490E+00	0.105085E+07
0.254745E+00	0.104676E+07
0.256000E+00	0.104056E+07
0.257255E+00	0.103337E+07
0.258510E+00	0.102558E+07
0.259765E+00	0.101728E+07
0.261020E+00	0.100854E+07
0.262275E+00	0.999440E+06
0.263529E+00	0.990084E+06
0.264784E+00	0.980546E+06
0.266039E+00	0.970924E+06
0.267294E+00	0.961314E+06
0.268549E+00	0.951777E+06
0.269804E+00	0.942417E+06
0.271059E+00	0.932102E+06
0.272314E+00	0.921912E+06
0.273569E+00	0.912109E+06
0.274824E+00	0.902735E+06
0.276078E+00	0.893847E+06
0.277333E+00	0.885461E+06
0.278588E+00	0.877572E+06
0.279843E+00	0.870205E+06
0.281098E+00	0.863338E+06
0.282353E+00	0.856963E+06
0.283608E+00	0.851053E+06
0.284863E+00	0.845559E+06
0.286118E+00	0.840099E+06
0.287373E+00	0.834929E+06
0.288627E+00	0.830061E+06
0.289882E+00	0.825426E+06
0.291137E+00	0.820970E+06
0.292392E+00	0.816609E+06
0.293647E+00	0.812321E+06
0.294902E+00	0.808007E+06
0.296157E+00	0.803631E+06
0.297412E+00	0.799141E+06
0.298667E+00	0.794484E+06
0.299922E+00	0.789598E+06
0.301176E+00	0.784247E+06
0.302431E+00	0.778592E+06
0.303686E+00	0.772615E+06
0.304941E+00	0.766290E+06
0.306196E+00	0.759620E+06
0.307451E+00	0.752565E+06
0.308706E+00	0.745140E+06
0.309961E+00	0.737342E+06
0.311216E+00	0.729195E+06
0.312471E+00	0.720689E+06
0.313725E+00	0.711855E+06
0.314980E+00	0.702724E+06
0.316235E+00	0.693078E+06
0.317490E+00	0.683193E+06
0.318745E+00	0.673105E+06
0.320000E+00	0.662851E+06