0.000000E+00	0.469509E+09
0.125490E-02	0.469066E+09
0.250980E-02	0.467792E+09
0.376471E-02	0.465691E+09
0.501961E-02	0.462773E+09
0.627451E-02	0.459062E+09
0.752941E-02	0.454557E+09
0.878431E-02	0.449303E+09
0.100392E-01	0.443324E+09
0.112941E-01	0.436630E+09
0.125490E-01	0.429286E+09
0.138039E-01	0.421317E+09
0.150588E-01	0.412758E+09
0.163137E-01	0.403595E+09
0.175686E-01	0.393939E+09
0.188235E-01	0.383835E+09
0.200784E-01	0.373337E+09
0.213333E-01	0.362483E+09
0.225882E-01	0.351333E+09
0.238431E-01	0.339931E+09
0.250980E-01	0.328329E+09
0.263529E-01	0.316575E+09
0.276078E-01	0.304720E+09
0.288627E-01	0.292806E+09
0.301176E-01	0.280881E+09
0.313725E-01	0.268967E+09
0.326275E-01	0.257131E+09
0.338824E-01	0.245412E+09
0.351373E-01	0.233846E+09
0.363922E-01	0.222470E+09
0.376471E-01	0.211314E+09
0.389020E-01	0.200409E+09
0.401569E-01	0.189780E+09
0.414118E-01	0.179451E+09
0.426667E-01	0.169442E+09
0.439216E-01	0.159772E+09
0.451765E-01	0.150450E+09
0.464314E-01	0.141473E+09
0.476863E-01	0.132872E+09
0.489412E-01	0.124653E+09
0.501961E-01	0.116821E+09
0.514510E-01	0.109376E+09
0.527059E-01	0.102318E+09
0.539608E-01	0.956436E+08
0.552157E-01	0.893470E+08
0.564706E-01	0.834224E+08
0.577255E-01	0.778608E+08
0.589804E-01	0.726532E+08
0.602353E-01	0.677853E+08
0.614902E-01	0.632392E+08
0.627451E-01	0.590114E+08
0.640000E-01	0.550889E+08
0.652549E-01	0.514565E+08
0.665098E-01	0.480999E+08
0.677647E-01	0.450036E+08
0.690196E-01	0.421527E+08
0.702745E-01	0.395319E+08
0.715294E-01	0.371262E+08
0.727843E-01	0.349206E+08
0.740392E-01	0.329006E+08
0.752941E-01	0.310497E+08
0.765490E-01	0.293493E+08
0.778039E-01	0.277945E+08
0.790588E-01	0.263728E+08
0.803137E-01	0.250721E+08
0.815686E-01	0.238810E+08
0.828235E-01	0.227888E+08
0.840784E-01	0.217854E+08
0.853333E-01	0.208617E+08
0.865882E-01	0.200089E+08
0.878431E-01	0.192191E+08
0.890980E-01	0.184850E+08
0.903529E-01	0.177989E+08
0.916078E-01	0.171526E+08
0.928627E-01	0.165446E+08
0.941176E-01	0.159698E+08
0.953725E-01	0.154242E+08
0.966275E-01	0.149038E+08
0.978824E-01	0.144054E+08
0.991373E-01	0.139262E+08
0.100392E+00	0.134637E+08
0.101647E+00	0.130159E+08
0.102902E+00	0.125811E+08
0.104157E+00	0.121577E+08
0.105412E+00	0.117436E+08
0.106667E+00	0.113368E+08
0.107922E+00	0.109389E+08
0.109176E+00	0.105493E+08
0.110431E+00	0.101676E+08
0.111686E+00	0.979350E+07
0.112941E+00	0.942691E+07
0.114196E+00	0.906773E+07
0.115451E+00	0.871593E+07
0.116706E+00	0.837157E+07
0.117961E+00	0.803471E+07
0.119216E+00	0.770544E+07
0.120471E+00	0.738311E+07
0.121725E+00	0.706741E+07
0.122980E+00	0.675991E+07
0.124235E+00	0.646079E+07
0.125490E+00	0.617009E+07
0.126745E+00	0.588801E+07
0.128000E+00	0.561466E+07
0.129255E+00	0.535014E+07
0.130510E+00	0.509459E+07
0.131765E+00	0.484799E+07
0.133020E+00	0.461044E+07
0.134275E+00	0.438200E+07
0.135529E+00	0.416251E+07
0.136784E+00	0.395186E+07
0.138039E+00	0.375053E+07
0.139294E+00	0.355847E+07
0.140549E+00	0.337569E+07
0.141804E+00	0.320218E+07
0.143059E+00	0.303790E+07
0.144314E+00	0.288283E+07
0.145569E+00	0.273689E+07
0.146824E+00	0.260002E+07
0.148078E+00	0.247214E+07
0.149333E+00	0.235313E+07
0.150588E+00	0.224326E+07
0.151843E+00	0.214245E+07
0.153098E+00	0.204995E+07
0.154353E+00	0.196561E+07
0.155608E+00	0.188914E+07
0.156863E+00	0.182034E+07
0.158118E+00	0.175891E+07
0.159373E+00	0.170453E+07
0.160627E+00	0.165687E+07
0.161882E+00	0.161562E+07
0.163137E+00	0.158034E+07
0.164392E+00	0.155059E+07
0.165647E+00	0.152692E+07
0.166902E+00	0.150875E+07
0.168157E+00	0.149472E+07
0.169412E+00	0.148436E+07
0.170667E+00	0.147716E+07
0.171922E+00	0.147265E+07
0.173176E+00	0.147030E+07
0.174431E+00	0.146971E+07
0.175686E+00	0.147040E+07
0.176941E+00	0.147188E+07
0.178196E+00	0.147379E+07
0.179451E+00	0.147566E+07
0.180706E+00	0.147900E+07
0.181961E+00	0.148307E+07
0.183216E+00	0.148611E+07
0.184471E+00	0.148782E+07
0.185725E+00	0.148798E+07
0.186980E+00	0.148641E+07
0.188235E+00	0.148296E+07
0.189490E+00	0.147749E+07
0.190745E+00	0.146998E+07
0.192000E+00	0.146042E+07
0.193255E+00	0.144877E+07
0.194510E+00	0.143512E+07
0.195765E+00	0.142168E+07
0.197020E+00	0.140778E+07
0.198275E+00	0.139217E+07
0.199529E+00	0.137502E+07
0.200784E+00	0.135655E+07
0.202039E+00	0.133696E+07
0.203294E+00	0.131649E+07
0.204549E+00	0.129537E+07
0.205804E+00	0.127382E+07
0.207059E+00	0.125214E+07
0.208314E+00	0.123050E+07
0.209569E+00	0.120916E+07
0.210824E+00	0.118961E+07
0.212078E+00	0.117139E+07
0.213333E+00	0.115399E+07
0.214588E+00	0.113754E+07
0.215843E+00	0.112222E+07
0.217098E+00	0.110812E+07
0.218353E+00	0.109535E+07
0.219608E+00	0.108395E+07
0.220863E+00	0.107397E+07
0.222118E+00	0.106542E+07
0.223373E+00	0.105829E+07
0.224627E+00	0.105255E+07
0.225882E+00	0.104900E+07
0.227137E+00	0.104705E+07
0.228392E+00	0.104622E+07
0.229647E+00	0.104641E+07
0.230902E+00	0.104748E+07
0.232157E+00	0.104931E+07
0.233412E+00	0.105177E+07
0.234667E+00	0.105472E+07
0.235922E+00	0.105800E+07
0.237176E+00	0.106145E+07
0.238431E+00	0.106496E+07
0.239686E+00	0.106837E+07
0.240941E+00	0.107147E+07
0.242196E+00	0.107419E+07
0.243451E+00	0.107646E+07
0.244706E+00	0.107819E+07
0.245961E+00	0.107928E+07
0.247216E+00	0.107971E+07
0.248471E+00	0.107940E+07
0.249725E+00	0.107832E+07
0.250980E+00	0.107644E+07
0.252235E+00	0.107378E+07
0.253490E+00	0.107030E+07
0.254745E+00	0.106602E+07
0.256000E+00	0.105961E+07
0.257255E+00	0.105216E+07
0.258510E+00	0.104407E+07
0.259765E+00	0.103541E+07
0.261020E+00	0.102623E+07
0.262275E+00	0.101662E+07
0.263529E+00	0.100664E+07
0.264784E+00	0.996381E+06
0.266039E+00	0.985907E+06
0.267294E+00	0.975298E+06
0.268549E+00	0.964637E+06
0.269804E+00	0.953995E+06
0.271059E+00	0.942241E+06
0.272314E+00	0.930464E+06
0.273569E+00	0.918950E+06
0.274824E+00	0.907761E+06
0.276078E+00	0.896940E+06
0.277333E+00	0.886544E+06
0.278588E+00	0.876590E+06
0.279843E+00	0.867128E+06
0.281098E+00	0.858171E+06
0.282353E+00	0.849741E+06
0.283608E+00	0.841845E+06
0.284863E+00	0.834471E+06
0.286118E+00	0.827284E+06
0.287373E+00	0.820580E+06
0.288627E+00	0.814374E+06
0.289882E+00	0.808633E+06
0.291137E+00	0.803331E+06
0.292392E+00	0.798440E+06
0.293647E+00	0.793895E+06
0.294902E+00	0.789650E+06
0.296157E+00	0.785647E+06
0.297412E+00	0.781854E+06
0.298667E+00	0.778196E+06
0.299922E+00	0.774613E+06
0.301176E+00	0.770855E+06
0.302431E+00	0.767048E+06
0.303686E+00	0.763129E+06
0.304941E+00	0.759039E+06
0.306196E+00	0.754739E+06
0.307451E+00	0.750165E+06
0.308706E+00	0.745255E+06
0.309961E+00	0.739989E+06
0.311216E+00	0.734323E+06
0.312471E+00	0.728229E+06
0.313725E+00	0.721679E+06
0.314980E+00	0.714645E+06
0.316235E+00	0.706890E+06
0.317490E+00	0.698648E+06
0.318745E+00	0.689924E+06
0.320000E+00	0.680734E+06