0.000000E+00	0.295419E+09
0.125490E-02	0.295191E+09
0.250980E-02	0.294542E+09
0.376471E-02	0.293472E+09
0.501961E-02	0.291985E+09
0.627451E-02	0.290087E+09
0.752941E-02	0.287790E+09
0.878431E-02	0.285101E+09
0.100392E-01	0.282035E+09
0.112941E-01	0.278591E+09
0.125490E-01	0.274796E+09
0.138039E-01	0.270666E+09
0.150588E-01	0.266213E+09
0.163137E-01	0.261416E+09
0.175686E-01	0.256344E+09
0.188235E-01	0.251006E+09
0.200784E-01	0.245427E+09
0.213333E-01	0.239632E+09
0.225882E-01	0.233639E+09
0.238431E-01	0.227472E+09
0.250980E-01	0.221154E+09
0.263529E-01	0.214706E+09
0.276078E-01	0.208155E+09
0.288627E-01	0.201519E+09
0.301176E-01	0.194820E+09
0.313725E-01	0.188067E+09
0.326275E-01	0.181296E+09
0.338824E-01	0.174529E+09
0.351373E-01	0.167785E+09
0.363922E-01	0.161084E+09
0.376471E-01	0.154443E+09
0.389020E-01	0.147880E+09
0.401569E-01	0.141410E+09
0.414118E-01	0.135049E+09
0.426667E-01	0.128811E+09
0.439216E-01	0.122707E+09
0.451765E-01	0.116748E+09
0.464314E-01	0.110930E+09
0.476863E-01	0.105279E+09
0.489412E-01	0.998043E+08
0.501961E-01	0.945112E+08
0.514510E-01	0.894055E+08
0.527059E-01	0.844913E+08
0.539608E-01	0.797716E+08
0.552157E-01	0.752485E+08
0.564706E-01	0.709230E+08
0.577255E-01	0.667950E+08
0.589804E-01	0.628636E+08
0.602353E-01	0.591252E+08
0.614902E-01	0.555714E+08
0.627451E-01	0.522078E+08
0.640000E-01	0.490302E+08
0.652549E-01	0.460341E+08
0.665098E-01	0.432142E+08
0.677647E-01	0.405651E+08
0.690196E-01	0.380808E+08
0.702745E-01	0.357549E+08
0.715294E-01	0.335809E+08
0.727843E-01	0.315521E+08
0.740392E-01	0.296616E+08
0.752941E-01	0.279003E+08
0.765490E-01	0.262569E+08
0.778039E-01	0.247318E+08
0.790588E-01	0.233182E+08
0.803137E-01	0.220091E+08
0.815686E-01	0.207978E+08
0.828235E-01	0.196777E+08
0.840784E-01	0.186425E+08
0.853333E-01	0.176860E+08
0.865882E-01	0.168023E+08
0.878431E-01	0.159858E+08
0.890980E-01	0.152312E+08
0.903529E-01	0.145321E+08
0.916078E-01	0.138824E+08
0.928627E-01	0.132804E+08
0.941176E-01	0.127218E+08
0.953725E-01	0.122026E+08
0.966275E-01	0.117192E+08
0.978824E-01	0.112681E+08
0.991373E-01	0.108461E+08
0.100392E+00	0.104504E+08
0.101647E+00	0.100782E+08
0.102902E+00	0.972711E+07
0.104157E+00	0.939492E+07
0.105412E+00	0.907877E+07
0.106667E+00	0.877610E+07
0.107922E+00	0.848699E+07
0.109176E+00	0.820997E+07
0.110431E+00	0.794371E+07
0.111686E+00	0.768707E+07
0.112941E+00	0.743898E+07
0.114196E+00	0.719852E+07
0.115451E+00	0.696493E+07
0.116706E+00	0.673749E+07
0.117961E+00	0.651561E+07
0.119216E+00	0.629877E+07
0.120471E+00	0.608586E+07
0.121725E+00	0.587617E+07
0.122980E+00	0.567054E+07
0.124235E+00	0.546874E+07
0.125490E+00	0.527056E+07
0.126745E+00	0.507591E+07
0.128000E+00	0.488467E+07
0.129255E+00	0.469681E+07
0.130510E+00	0.451232E+07
0.131765E+00	0.433122E+07
0.133020E+00	0.415355E+07
0.134275E+00	0.397941E+07
0.135529E+00	0.380868E+07
0.136784E+00	0.364142E+07
0.138039E+00	0.347805E+07
0.139294E+00	0.331873E+07
0.140549E+00	0.316361E+07
0.141804E+00	0.301287E+07
0.143059E+00	0.286664E+07
0.144314E+00	0.272509E+07
0.145569E+00	0.258838E+07
0.146824E+00	0.245666E+07
0.148078E+00	0.233007E+07
0.149333E+00	0.220875E+07
0.150588E+00	0.209319E+07
0.151843E+00	0.198351E+07
0.153098E+00	0.187929E+07
0.154353E+00	0.178060E+07
0.155608E+00	0.168748E+07
0.156863E+00	0.159995E+07
0.158118E+00	0.151802E+07
0.159373E+00	0.144165E+07
0.160627E+00	0.137079E+07
0.161882E+00	0.130536E+07
0.163137E+00	0.124524E+07
0.164392E+00	0.119029E+07
0.165647E+00	0.114111E+07
0.166902E+00	0.109740E+07
0.168157E+00	0.105826E+07
0.169412E+00	0.102343E+07
0.170667E+00	0.992716E+06
0.171922E+00	0.965889E+06
0.173176E+00	0.942710E+06
0.174431E+00	0.922896E+06
0.175686E+00	0.906164E+06
0.176941E+00	0.892242E+06
0.178196E+00	0.880879E+06
0.179451E+00	0.871760E+06
0.180706E+00	0.865723E+06
0.181961E+00	0.862243E+06
0.183216E+00	0.860156E+06
0.184471E+00	0.859231E+06
0.185725E+00	0.859218E+06
0.186980E+00	0.859916E+06
0.188235E+00	0.861086E+06
0.189490E+00	0.862540E+06
0.190745E+00	0.864070E+06
0.192000E+00	0.865539E+06
0.193255E+00	0.866775E+06
0.194510E+00	0.867672E+06
0.195765E+00	0.869323E+06
0.197020E+00	0.871200E+06
0.198275E+00	0.872447E+06
0.199529E+00	0.872999E+06
0.200784E+00	0.872810E+06
0.202039E+00	0.871857E+06
0.203294E+00	0.870142E+06
0.204549E+00	0.867667E+06
0.205804E+00	0.864455E+06
0.207059E+00	0.860525E+06
0.208314E+00	0.855936E+06
0.209569E+00	0.850748E+06
0.210824E+00	0.845874E+06
0.212078E+00	0.840952E+06
0.213333E+00	0.835601E+06
0.214588E+00	0.829888E+06
0.215843E+00	0.823897E+06
0.217098E+00	0.817712E+06
0.218353E+00	0.811380E+06
0.219608E+00	0.805000E+06
0.220863E+00	0.798638E+06
0.222118E+00	0.792361E+06
0.223373E+00	0.786245E+06
0.224627E+00	0.780317E+06
0.225882E+00	0.775302E+06
0.227137E+00	0.770849E+06
0.228392E+00	0.766698E+06
0.229647E+00	0.762919E+06
0.230902E+00	0.759514E+06
0.232157E+00	0.756491E+06
0.233412E+00	0.753871E+06
0.234667E+00	0.751643E+06
0.235922E+00	0.749821E+06
0.237176E+00	0.748386E+06
0.238431E+00	0.747327E+06
0.239686E+00	0.746623E+06
0.240941E+00	0.746173E+06
0.242196E+00	0.746006E+06
0.243451E+00	0.746112E+06
0.244706E+00	0.746468E+06
0.245961E+00	0.747028E+06
0.247216E+00	0.747775E+06
0.248471E+00	0.748682E+06
0.249725E+00	0.749697E+06
0.250980E+00	0.750802E+06
0.252235E+00	0.751976E+06
0.253490E+00	0.753192E+06
0.254745E+00	0.754413E+06
0.256000E+00	0.754674E+06
0.257255E+00	0.754696E+06
0.258510E+00	0.754660E+06
0.259765E+00	0.754582E+06
0.261020E+00	0.754443E+06
0.262275E+00	0.754260E+06
0.263529E+00	0.754001E+06
0.264784E+00	0.753671E+06
0.266039E+00	0.753273E+06
0.267294E+00	0.752804E+06
0.268549E+00	0.752262E+06
0.269804E+00	0.751663E+06
0.271059E+00	0.750077E+06
0.272314E+00	0.748268E+06
0.273569E+00	0.746421E+06
0.274824E+00	0.744510E+06
0.276078E+00	0.742551E+06
0.277333E+00	0.740531E+06
0.278588E+00	0.738450E+06
0.279843E+00	0.736314E+06
0.281098E+00	0.734106E+06
0.282353E+00	0.731796E+06
0.283608E+00	0.729387E+06
0.284863E+00	0.726867E+06
0.286118E+00	0.723926E+06
0.287373E+00	0.720803E+06
0.288627E+00	0.717525E+06
0.289882E+00	0.714057E+06
0.291137E+00	0.710386E+06
0.292392E+00	0.706489E+06
0.293647E+00	0.702337E+06
0.294902E+00	0.697930E+06
0.296157E+00	0.693244E+06
0.297412E+00	0.688257E+06
0.298667E+00	0.682958E+06
0.299922E+00	0.677319E+06
0.301176E+00	0.671172E+06
0.302431E+00	0.664663E+06
0.303686E+00	0.657799E+06
0.304941E+00	0.650569E+06
0.306196E+00	0.642984E+06
0.307451E+00	0.635043E+06
0.308706E+00	0.626756E+06
0.309961E+00	0.618121E+06
0.311216E+00	0.609150E+06
0.312471E+00	0.599859E+06
0.313725E+00	0.590267E+06
0.314980E+00	0.580398E+06
0.316235E+00	0.570083E+06
0.317490E+00	0.559532E+06
0.318745E+00	0.548777E+06
0.320000E+00	0.537845E+06