0.000000E+00	0.378011E+09
0.125490E-02	0.377675E+09
0.250980E-02	0.376716E+09
0.376471E-02	0.375134E+09
0.501961E-02	0.372935E+09
0.627451E-02	0.370140E+09
0.752941E-02	0.366742E+09
0.878431E-02	0.362783E+09
0.100392E-01	0.358268E+09
0.112941E-01	0.353221E+09
0.125490E-01	0.347667E+09
0.138039E-01	0.341637E+09
0.150588E-01	0.335150E+09
0.163137E-01	0.328199E+09
0.175686E-01	0.320863E+09
0.188235E-01	0.313179E+09
0.200784E-01	0.305177E+09
0.213333E-01	0.296894E+09
0.225882E-01	0.288370E+09
0.238431E-01	0.279639E+09
0.250980E-01	0.270736E+09
0.263529E-01	0.261699E+09
0.276078E-01	0.252563E+09
0.288627E-01	0.243362E+09
0.301176E-01	0.234130E+09
0.313725E-01	0.224883E+09
0.326275E-01	0.215672E+09
0.338824E-01	0.206528E+09
0.351373E-01	0.197478E+09
0.363922E-01	0.188549E+09
0.376471E-01	0.179766E+09
0.389020E-01	0.171153E+09
0.401569E-01	0.162729E+09
0.414118E-01	0.154514E+09
0.426667E-01	0.146525E+09
0.439216E-01	0.138776E+09
0.451765E-01	0.131277E+09
0.464314E-01	0.124023E+09
0.476863E-01	0.117044E+09
0.489412E-01	0.110344E+09
0.501961E-01	0.103929E+09
0.514510E-01	0.978013E+08
0.527059E-01	0.919616E+08
0.539608E-01	0.864095E+08
0.552157E-01	0.811426E+08
0.564706E-01	0.761570E+08
0.577255E-01	0.714480E+08
0.589804E-01	0.670099E+08
0.602353E-01	0.628334E+08
0.614902E-01	0.589044E+08
0.627451E-01	0.552236E+08
0.640000E-01	0.517820E+08
0.652549E-01	0.485692E+08
0.665098E-01	0.455752E+08
0.677647E-01	0.427891E+08
0.690196E-01	0.402005E+08
0.702745E-01	0.377983E+08
0.715294E-01	0.355718E+08
0.727843E-01	0.335101E+08
0.740392E-01	0.316028E+08
0.752941E-01	0.298370E+08
0.765490E-01	0.281981E+08
0.778039E-01	0.266843E+08
0.790588E-01	0.252860E+08
0.803137E-01	0.239945E+08
0.815686E-01	0.228008E+08
0.828235E-01	0.216969E+08
0.840784E-01	0.206751E+08
0.853333E-01	0.197282E+08
0.865882E-01	0.188494E+08
0.878431E-01	0.180325E+08
0.890980E-01	0.172716E+08
0.903529E-01	0.165602E+08
0.916078E-01	0.158917E+08
0.928627E-01	0.152648E+08
0.941176E-01	0.146755E+08
0.953725E-01	0.141199E+08
0.966275E-01	0.135947E+08
0.978824E-01	0.130968E+08
0.991373E-01	0.126236E+08
0.100392E+00	0.121726E+08
0.101647E+00	0.117415E+08
0.102902E+00	0.113285E+08
0.104157E+00	0.109318E+08
0.105412E+00	0.105490E+08
0.106667E+00	0.101778E+08
0.107922E+00	0.981913E+07
0.109176E+00	0.947192E+07
0.110431E+00	0.913527E+07
0.111686E+00	0.880839E+07
0.112941E+00	0.849066E+07
0.114196E+00	0.818147E+07
0.115451E+00	0.788038E+07
0.116706E+00	0.758692E+07
0.117961E+00	0.730075E+07
0.119216E+00	0.702163E+07
0.120471E+00	0.674855E+07
0.121725E+00	0.648091E+07
0.122980E+00	0.621986E+07
0.124235E+00	0.596533E+07
0.125490E+00	0.571726E+07
0.126745E+00	0.547558E+07
0.128000E+00	0.524029E+07
0.129255E+00	0.501139E+07
0.130510E+00	0.478895E+07
0.131765E+00	0.457300E+07
0.133020E+00	0.436360E+07
0.134275E+00	0.416084E+07
0.135529E+00	0.396457E+07
0.136784E+00	0.377479E+07
0.138039E+00	0.359192E+07
0.139294E+00	0.341608E+07
0.140549E+00	0.324733E+07
0.141804E+00	0.308574E+07
0.143059E+00	0.293135E+07
0.144314E+00	0.278426E+07
0.145569E+00	0.264447E+07
0.146824E+00	0.251198E+07
0.148078E+00	0.238683E+07
0.149333E+00	0.226894E+07
0.150588E+00	0.215872E+07
0.151843E+00	0.205603E+07
0.153098E+00	0.196033E+07
0.154353E+00	0.187150E+07
0.155608E+00	0.178938E+07
0.156863E+00	0.171379E+07
0.158118E+00	0.164457E+07
0.159373E+00	0.158145E+07
0.160627E+00	0.152424E+07
0.161882E+00	0.147265E+07
0.163137E+00	0.142642E+07
0.164392E+00	0.138520E+07
0.165647E+00	0.134958E+07
0.166902E+00	0.131910E+07
0.168157E+00	0.129262E+07
0.169412E+00	0.126977E+07
0.170667E+00	0.125020E+07
0.171922E+00	0.123358E+07
0.173176E+00	0.121958E+07
0.174431E+00	0.120786E+07
0.175686E+00	0.119807E+07
0.176941E+00	0.118990E+07
0.178196E+00	0.118303E+07
0.179451E+00	0.117715E+07
0.180706E+00	0.117349E+07
0.181961E+00	0.117143E+07
0.183216E+00	0.116956E+07
0.184471E+00	0.116765E+07
0.185725E+00	0.116550E+07
0.186980E+00	0.116296E+07
0.188235E+00	0.115985E+07
0.189490E+00	0.115605E+07
0.190745E+00	0.115146E+07
0.192000E+00	0.114602E+07
0.193255E+00	0.113967E+07
0.194510E+00	0.113237E+07
0.195765E+00	0.112578E+07
0.197020E+00	0.111925E+07
0.198275E+00	0.111177E+07
0.199529E+00	0.110342E+07
0.200784E+00	0.109420E+07
0.202039E+00	0.108422E+07
0.203294E+00	0.107361E+07
0.204549E+00	0.106244E+07
0.205804E+00	0.105080E+07
0.207059E+00	0.103886E+07
0.208314E+00	0.102670E+07
0.209569E+00	0.101445E+07
0.210824E+00	0.100330E+07
0.212078E+00	0.992830E+06
0.213333E+00	0.982597E+06
0.214588E+00	0.972695E+06
0.215843E+00	0.963200E+06
0.217098E+00	0.954219E+06
0.218353E+00	0.945835E+06
0.219608E+00	0.938119E+06
0.220863E+00	0.931090E+06
0.222118E+00	0.924820E+06
0.223373E+00	0.919322E+06
0.224627E+00	0.914575E+06
0.225882E+00	0.911372E+06
0.227137E+00	0.909222E+06
0.228392E+00	0.907755E+06
0.229647E+00	0.906954E+06
0.230902E+00	0.906752E+06
0.232157E+00	0.907080E+06
0.233412E+00	0.907872E+06
0.234667E+00	0.909044E+06
0.235922E+00	0.910518E+06
0.237176E+00	0.912213E+06
0.238431E+00	0.914036E+06
0.239686E+00	0.915889E+06
0.240941E+00	0.917596E+06
0.242196E+00	0.919144E+06
0.243451E+00	0.920472E+06
0.244706E+00	0.921525E+06
0.245961E+00	0.922244E+06
0.247216E+00	0.922572E+06
0.248471E+00	0.922461E+06
0.249725E+00	0.921897E+06
0.250980E+00	0.920822E+06
0.252235E+00	0.919248E+06
0.253490E+00	0.917186E+06
0.254745E+00	0.914637E+06
0.256000E+00	0.910452E+06
0.257255E+00	0.905557E+06
0.258510E+00	0.900297E+06
0.259765E+00	0.894717E+06
0.261020E+00	0.888880E+06
0.262275E+00	0.882836E+06
0.263529E+00	0.876649E+06
0.264784E+00	0.870399E+06
0.266039E+00	0.864126E+06
0.267294E+00	0.857906E+06
0.268549E+00	0.851796E+06
0.269804E+00	0.845852E+06
0.271059E+00	0.839074E+06
0.272314E+00	0.832372E+06
0.273569E+00	0.825990E+06
0.274824E+00	0.819945E+06
0.276078E+00	0.814276E+06
0.277333E+00	0.808978E+06
0.278588E+00	0.804054E+06
0.279843E+00	0.799495E+06
0.281098E+00	0.795278E+06
0.282353E+00	0.791376E+06
0.283608E+00	0.787760E+06
0.284863E+00	0.784388E+06
0.286118E+00	0.780876E+06
0.287373E+00	0.777470E+06
0.288627E+00	0.774144E+06
0.289882E+00	0.770857E+06
0.291137E+00	0.767535E+06
0.292392E+00	0.764135E+06
0.293647E+00	0.760570E+06
0.294902E+00	0.756822E+06
0.296157E+00	0.752818E+06
0.297412E+00	0.748516E+06
0.298667E+00	0.743865E+06
0.299922E+00	0.738835E+06
0.301176E+00	0.733216E+06
0.302431E+00	0.727153E+06
0.303686E+00	0.720640E+06
0.304941E+00	0.713676E+06
0.306196E+00	0.706257E+06
0.307451E+00	0.698388E+06
0.308706E+00	0.690088E+06
0.309961E+00	0.681361E+06
0.311216E+00	0.672250E+06
0.312471E+00	0.662774E+06
0.313725E+00	0.652973E+06
0.314980E+00	0.642879E+06
0.316235E+00	0.632308E+06
0.317490E+00	0.621549E+06
0.318745E+00	0.610632E+06
0.320000E+00	0.599593E+06