0.000000E+00	592503346.836173	5925033.46836
0.125490E-02	590459848.568332	5904598.48568
0.250980E-02	582112537.943159	5821125.37943
0.376471E-02	591456294.21989	5914562.9422
0.501961E-02	577029334.559054	5770293.34559
0.627451E-02	587857246.472483	5878572.46472
0.752941E-02	588163667.900662	5881636.67901
0.878431E-02	585697414.708894	5856974.14709
0.100392E-01	563743688.763304	5637436.88763
0.112941E-01	563502966.11635	5635029.66116
0.125490E-01	555380764.905049	5553807.64905
0.138039E-01	553209707.747644	5532097.07748
0.150588E-01	536919009.912294	5369190.09912
0.163137E-01	523614282.508865	5236142.82509
0.175686E-01	509227094.602681	5092270.94603
0.188235E-01	505681148.648208	5056811.48648
0.200784E-01	486033277.101775	4860332.77102
0.213333E-01	483421550.008271	4834215.50008
0.225882E-01	468584591.236837	4685845.91237
0.238431E-01	458615425.823923	4586154.25824
0.250980E-01	440547158.157492	4405471.58157
0.263529E-01	430853369.768717	4308533.69769
0.276078E-01	415649304.875014	4156493.04875
0.288627E-01	405981405.937863	4059814.05938
0.301176E-01	394258773.441497	3942587.73441
0.313725E-01	367770328.014439	3677703.28014
0.326275E-01	361033959.923932	3610339.59924
0.338824E-01	349404981.536415	3494049.81536
0.351373E-01	328005969.106046	3280059.69106
0.363922E-01	317037327.328716	3170373.27329
0.376471E-01	308161772.113558	3081617.72114
0.389020E-01	292777544.169736	2927775.4417
0.401569E-01	273959882.031495	2739598.82031
0.414118E-01	265191428.407952	2651914.28408
0.426667E-01	253092543.273554	2530925.43274
0.439216E-01	244407653.741379	2444076.53741
0.451765E-01	228110330.244833	2281103.30245
0.464314E-01	217294068.598947	2172940.68599
0.476863E-01	208885981.401016	2088859.81401
0.489412E-01	197023633.380546	1970236.33381
0.501961E-01	187031784.67838	1870317.84678
0.514510E-01	174977350.757707	1749773.50758
0.527059E-01	165348440.983717	1653484.40984
0.539608E-01	158406394.051546	1584063.94052
0.552157E-01	148654843.783164	1486548.43783
0.564706E-01	139260837.023232	1392608.37023
0.577255E-01	130456404.004152	1304564.04004
0.589804E-01	124325772.263267	1243257.72263
0.602353E-01	116962108.087717	1169621.08088
0.614902E-01	108782017.996785	1087820.17997
0.627451E-01	104415899.851086	1044158.99851
0.640000E-01	94883173.1349274	948831.731349
0.652549E-01	91487961.2470756	914879.612471
0.665098E-01	86135147.5015311	861351.475015
0.677647E-01	80389431.4246548	803894.314247
0.690196E-01	75934555.0413127	759345.550413
0.702745E-01	71097511.1013638	710975.111014
0.715294E-01	66994383.5391691	669943.835392
0.727843E-01	63372185.8637862	633721.858638
0.740392E-01	59346207.5314598	593462.075315
0.752941E-01	56210993.5242852	562109.935243
0.765490E-01	52598604.6522728	525986.046523
0.778039E-01	49257552.8445768	492575.528446
0.790588E-01	47048283.2683522	470482.832684
0.803137E-01	44596911.8657654	445969.118658
0.815686E-01	41499379.1011865	414993.791012
0.828235E-01	39778855.214389	397788.552144
0.840784E-01	37607846.159305	376078.461593
0.853333E-01	35707471.6512491	357074.716512
0.865882E-01	34146318.1187846	341463.181188
0.878431E-01	32439662.006326	324396.620063
0.890980E-01	31057040.7437237	310570.407437
0.903529E-01	29188755.2021529	291887.552022
0.916078E-01	27441523.8212453	274415.238212
0.928627E-01	26990970.7576657	269909.707577
0.941176E-01	25699967.6315387	256999.676315
0.953725E-01	24926105.2524501	249261.052525
0.966275E-01	24166751.4268	241667.514268
0.978824E-01	22533311.2057821	225333.112058
0.991373E-01	21756773.0558474	217567.730558
0.100392E+00	20917896.5009991	209178.96501
0.101647E+00	20324007.1504907	203240.071505
0.102902E+00	19754301.5600239	197543.0156
0.104157E+00	19059982.8586753	190599.828587
0.105412E+00	18168356.5171202	181683.565171
0.106667E+00	17646426.6391244	176464.266391
0.107922E+00	17044381.2115799	170443.812116
0.109176E+00	16369602.2615842	163696.022616
0.110431E+00	15922659.2614509	159226.592615
0.111686E+00	15448111.123425	154481.111234
0.112941E+00	15209896.3094062	152098.963094
0.114196E+00	14380065.0365131	143800.650365
0.115451E+00	13722047.3698511	137220.473699
0.116706E+00	13446656.2411841	134466.562412
0.117961E+00	12768213.4184354	127682.134184
0.119216E+00	12526301.1454073	125263.011454
0.120471E+00	12038542.1133464	120385.421133
0.121725E+00	11625241.336094	116252.413361
0.122980E+00	11191003.2943368	111910.032943
0.124235E+00	10717890.2002081	107178.902002
0.125490E+00	10242099.723345	102420.997233
0.126745E+00	9981725.17702965	99817.2517703
0.128000E+00	9649529.56487501	96495.2956488
0.129255E+00	9267639.00020585	92676.3900021
0.130510E+00	8915390.98286852	89153.9098287
0.131765E+00	8614483.37361803	86144.8337362
0.133020E+00	8137059.62027796	81370.5962028
0.134275E+00	7845764.26331565	78457.6426332
0.135529E+00	7524820.576122	75248.2057612
0.136784E+00	7046962.24531721	70469.6224532
0.138039E+00	6796528.21176357	67965.2821176
0.139294E+00	6530891.85504679	65308.9185505
0.140549E+00	6142463.91868818	61424.6391869
0.141804E+00	5872248.15762783	58722.4815763
0.143059E+00	5671317.49547795	56713.1749548
0.144314E+00	5311116.82856375	53111.1682856
0.145569E+00	5017696.99157072	50176.9699157
0.146824E+00	4814995.81699047	48149.9581699
0.148078E+00	4499488.55068697	44994.8855069
0.149333E+00	4332616.62904781	43326.1662905
0.150588E+00	4213235.77899842	42132.35779
0.151843E+00	3943963.74188287	39439.6374188
0.153098E+00	3776197.47393842	37761.9747394
0.154353E+00	3598808.24905586	35988.0824906
0.155608E+00	3390698.55812091	33906.9855812
0.156863E+00	3189185.31766498	31891.8531766
0.158118E+00	3037685.13745623	30376.8513746
0.159373E+00	2921485.35711291	29214.8535711
0.160627E+00	2765365.07003617	27653.6507004
0.161882E+00	2668255.93112084	26682.5593112
0.163137E+00	2510527.34414049	25105.2734414
0.164392E+00	2392284.50047703	23922.8450048
0.165647E+00	2392681.78238677	23926.8178239
0.166902E+00	2258577.95924971	22585.7795925
0.168157E+00	2175246.87728795	21752.4687729
0.169412E+00	2072358.65953909	20723.5865954
0.170667E+00	2026434.28517737	20264.3428518
0.171922E+00	1987017.33910176	19870.173391
0.173176E+00	1950368.49909993	19503.684991
0.174431E+00	1922724.35415526	19227.2435416
0.175686E+00	1895021.39388086	18950.2139388
0.176941E+00	1839538.50722696	18395.3850723
0.178196E+00	1828386.14860488	18283.861486
0.179451E+00	1810248.86083184	18102.4886083
0.180706E+00	1815194.74558752	18151.9474559
0.181961E+00	1809917.57873099	18099.1757873
0.183216E+00	1778840.6395945	17788.4063959
0.184471E+00	1780818.85845313	17808.1885845
0.185725E+00	1749239.49666061	17492.3949666
0.186980E+00	1765259.09872835	17652.5909873
0.188235E+00	1781526.7499645	17815.2674996
0.189490E+00	1745161.08526782	17451.6108527
0.190745E+00	1746047.30883089	17460.4730883
0.192000E+00	1721396.77274572	17213.9677275
0.193255E+00	1756544.72827354	17565.4472827
0.194510E+00	1705938.70108635	17059.3870109
0.195765E+00	1716466.22715208	17164.6622715
0.197020E+00	1722728.59263611	17227.2859264
0.198275E+00	1736068.77415754	17360.6877416
0.199529E+00	1707183.23654681	17071.8323655
0.200784E+00	1694476.83453517	16944.7683454
0.202039E+00	1683759.64769473	16837.5964769
0.203294E+00	1696239.49202675	16962.3949203
0.204549E+00	1685223.00949852	16852.230095
0.205804E+00	1655878.32939542	16558.783294
0.207059E+00	1667347.90706946	16673.4790707
0.208314E+00	1641734.70558394	16417.3470558
0.209569E+00	1609875.86211809	16098.7586212
0.210824E+00	1637815.63213142	16378.1563213
0.212078E+00	1628097.49871153	16280.9749871
0.213333E+00	1580160.75735634	15801.6075736
0.214588E+00	1570201.45157181	15702.0145157
0.215843E+00	1586290.67348465	15862.9067348
0.217098E+00	1594706.52537069	15947.0652537
0.218353E+00	1562609.71407259	15626.0971407
0.219608E+00	1536661.84110973	15366.6184111
0.220863E+00	1540213.92842014	15402.1392842
0.222118E+00	1528736.48020265	15287.364802
0.223373E+00	1505573.03673994	15055.7303674
0.224627E+00	1494281.88450592	14942.8188451
0.225882E+00	1510315.10571269	15103.1510571
0.227137E+00	1533992.22261024	15339.9222261
0.228392E+00	1488644.85567525	14886.4485568
0.229647E+00	1515303.52318902	15153.0352319
0.230902E+00	1502006.17694196	15020.0617694
0.232157E+00	1482277.07360687	14822.7707361
0.233412E+00	1495814.07205442	14958.1407205
0.234667E+00	1484221.57534011	14842.2157534
0.235922E+00	1490080.73074308	14900.8073074
0.237176E+00	1473823.37856855	14738.2337857
0.238431E+00	1511666.34270235	15116.663427
0.239686E+00	1504947.53369602	15049.475337
0.240941E+00	1486638.69896765	14866.3869897
0.242196E+00	1490283.03229943	14902.830323
0.243451E+00	1485190.25718857	14851.9025719
0.244706E+00	1479100.10005432	14791.0010005
0.245961E+00	1492926.45161206	14929.2645161
0.247216E+00	1517629.95319306	15176.2995319
0.248471E+00	1477605.81776419	14776.0581776
0.249725E+00	1475136.6229238	14751.3662292
0.250980E+00	1483261.88579745	14832.618858
0.252235E+00	1472494.90629805	14724.949063
0.253490E+00	1481496.46740959	14814.9646741
0.254745E+00	1512645.59547523	15126.4559548
0.256000E+00	1515439.89220876	15154.3989221
0.257255E+00	1470673.41925593	14706.7341926
0.258510E+00	1496711.08106727	14967.1108107
0.259765E+00	1517202.9588735	15172.0295887
0.261020E+00	1495629.95028565	14956.2995029
0.262275E+00	1458528.21122704	14585.2821123
0.263529E+00	1504802.03099409	15048.0203099
0.264784E+00	1467605.86443856	14676.0586444
0.266039E+00	1509446.38025011	15094.4638025
0.267294E+00	1469131.70101028	14691.3170101
0.268549E+00	1480227.98956172	14802.2798956
0.269804E+00	1467378.70857165	14673.7870857
0.271059E+00	1490499.19403119	14904.9919403
0.272314E+00	1484088.78043258	14840.8878043
0.273569E+00	1460941.76373707	14609.4176374
0.274824E+00	1477371.73541117	14773.7173541
0.276078E+00	1448722.05536609	14487.2205537
0.277333E+00	1477885.73390127	14778.857339
0.278588E+00	1468656.73497822	14686.5673498
0.279843E+00	1441968.01305367	14419.6801305
0.281098E+00	1443252.26185053	14432.5226185
0.282353E+00	1453206.40739351	14532.0640739
0.283608E+00	1447381.42046235	14473.8142046
0.284863E+00	1415974.48424174	14159.7448424
0.286118E+00	1433776.64214456	14337.7664214
0.287373E+00	1408116.49602746	14081.1649603
0.288627E+00	1414702.52537604	14147.0252538
0.289882E+00	1385885.63473733	13858.8563474
0.291137E+00	1393864.9796885	13938.6497969
0.292392E+00	1376100.6930641	13761.0069306
0.293647E+00	1386972.89541465	13869.7289541
0.294902E+00	1378900.88952751	13789.0088953
0.296157E+00	1374286.87812003	13742.8687812
0.297412E+00	1359685.66129918	13596.856613
0.298667E+00	1345486.58361346	13454.8658361
0.299922E+00	1321632.08026391	13216.3208026
0.301176E+00	1325634.02831304	13256.3402831
0.302431E+00	1304364.54541078	13043.6454541
0.303686E+00	1315280.59888139	13152.8059888
0.304941E+00	1267515.9467325	12675.1594673
0.306196E+00	1262794.27384027	12627.9427384
0.307451E+00	1285976.22490093	12859.762249
0.308706E+00	1243066.24236783	12430.6624237
0.309961E+00	1228708.5857319	12287.0858573
0.311216E+00	1214799.03062525	12147.9903063
0.312471E+00	1212551.432722	12125.5143272
0.313725E+00	1186403.15491622	11864.0315492
0.314980E+00	1146860.56283816	11468.6056284
0.316235E+00	1148785.65942844	11487.8565943
0.317490E+00	1126284.23520977	11262.8423521
0.318745E+00	1083641.50835719	10836.4150836
0.320000E+00	1075708.88145254	10757.0888145